stcty,reg,div,stname,ctyname,time,popestimate,popest_male,popest_fem,under5_tot,under5_male,under5_fem,age513_tot,age513_male,age513_fem,age1417_tot,age1417_male,age1417_fem,age1824_tot,age1824_male,age1824_fem,age16plus_tot,age16plus_male,age16plus_fem,age18plus_tot,age18plus_male,age18plus_fem,age1544_tot,age1544_male,age1544_fem,age65plus_tot,age65plus_male,age65plus_fem,age85plus_tot,age85plus_male,age85plus_fem
45001,3,5,South Carolina,Abbeville County,1,26167,12544,13623,1765,896,869,3352,1708,1644,1504,793,711,2498,1189,1309,20290,9530,10760,19546,9147,10399,10621,5145,5476,3842,1544,2298,488,139,349
45003,3,5,South Carolina,Aiken County,1,142552,68667,73885,9484,4870,4614,19229,9831,9398,8635,4358,4277,12478,6098,6380,109472,51748,57724,105204,49608,55596,60112,29256,30856,18287,7567,10720,1782,511,1271
45005,3,5,South Carolina,Allendale County,1,11211,5837,5374,775,455,320,1527,766,761,677,352,325,1099,620,479,8578,4446,4132,8232,4264,3968,4785,2693,2092,1421,549,872,189,40,149
45007,3,5,South Carolina,Anderson County,1,165740,80076,85664,11057,5684,5373,20851,10696,10155,8864,4426,4438,13868,6850,7018,129367,61503,67864,124968,59270,65698,68631,33820,34811,22627,9203,13424,2344,637,1707
45009,3,5,South Carolina,Bamberg County,1,16658,7831,8827,1039,558,481,2162,1093,1069,1034,508,526,2147,1057,1090,12988,5956,7032,12423,5672,6751,7046,3360,3686,2314,880,1434,240,60,180
45011,3,5,South Carolina,Barnwell County,1,23478,11293,12185,1674,898,776,3398,1791,1607,1537,782,755,2041,998,1043,17648,8216,9432,16869,7822,9047,9757,4692,5065,2962,1138,1824,301,70,231
45013,3,5,South Carolina,Beaufort County,1,120937,61193,59744,8110,4168,3942,14288,7251,7037,5745,2915,2830,14471,9065,5406,95645,48314,47331,92794,46859,45935,51591,27884,23707,18754,8791,9963,1512,529,983
45015,3,5,South Carolina,Berkeley County,1,142651,72462,70189,10242,5305,4937,20538,10474,10064,9145,4767,4378,16706,9922,6784,107249,54260,52989,102726,51916,50810,68039,35966,32073,11261,4888,6373,879,229,650
45017,3,5,South Carolina,Calhoun County,1,15185,7196,7989,958,480,478,1964,1002,962,882,438,444,1118,543,575,11827,5488,6339,11381,5276,6105,5892,2809,3083,2102,854,1248,242,63,179
45019,3,5,South Carolina,Charleston County,1,309969,149787,160182,19806,10166,9640,37605,19233,18372,16163,8063,8100,37269,18867,18402,244352,116238,128114,236395,112325,124070,143348,71161,72187,36858,14966,21892,3855,1037,2818
45021,3,5,South Carolina,Cherokee County,1,52537,25423,27114,3758,1896,1862,6974,3557,3417,2838,1439,1399,4746,2327,2419,40386,19261,21125,38967,18531,20436,22421,11140,11281,6517,2501,4016,721,147,574
45023,3,5,South Carolina,Chester County,1,34068,16369,17699,2294,1229,1065,4818,2476,2342,2055,1037,1018,2871,1403,1468,25953,12142,13811,24901,11627,13274,14035,6818,7217,4317,1692,2625,446,102,344
45025,3,5,South Carolina,Chesterfield County,1,42768,20631,22137,2893,1445,1448,5988,3045,2943,2510,1278,1232,3644,1800,1844,32642,15518,17124,31377,14863,16514,17922,8901,9021,5120,2005,3115,516,123,393
45027,3,5,South Carolina,Clarendon County,1,32502,15957,16545,1972,1019,953,4303,2135,2168,2088,1092,996,3397,2052,1345,25214,12287,12927,24139,11711,12428,13136,6833,6303,4538,1896,2642,433,121,312
45029,3,5,South Carolina,Colleton County,1,38264,18327,19937,2649,1346,1303,5374,2760,2614,2492,1240,1252,3078,1503,1575,28987,13602,15385,27749,12981,14768,15233,7316,7917,4928,2059,2869,493,134,359
45031,3,5,South Carolina,Darlington County,1,67394,31881,35513,4664,2399,2265,9294,4781,4513,3751,1928,1823,6051,2896,3155,51543,23718,27825,49685,22773,26912,27847,13227,14620,8158,3129,5029,843,208,635
45033,3,5,South Carolina,Dillon County,1,30722,14329,16393,2273,1099,1174,4596,2359,2237,2063,1077,986,2927,1392,1535,22857,10338,12519,21790,9794,11996,12927,6142,6785,3545,1258,2287,353,80,273
45035,3,5,South Carolina,Dorchester County,1,96413,47184,49229,6470,3326,3144,14756,7620,7136,6617,3445,3172,7471,3743,3728,71812,34415,37397,68570,32793,35777,42862,21302,21560,8791,3511,5280,870,211,659
45037,3,5,South Carolina,Edgefield County,1,24595,13039,11556,1480,779,701,3096,1572,1524,1355,714,641,2412,1456,956,19321,10319,9002,18664,9974,8690,11294,6469,4825,2669,1089,1580,293,84,209
45039,3,5,South Carolina,Fairfield County,1,23454,11167,12287,1580,792,788,3180,1571,1609,1368,657,711,2019,1000,1019,17991,8476,9515,17326,8147,9179,9551,4575,4976,3094,1284,1810,344,101,243
45041,3,5,South Carolina,Florence County,1,125761,59099,66662,8216,4164,4052,16804,8527,8277,7581,3827,3754,12215,5882,6333,96934,44493,52441,93160,42581,50579,54300,25832,28468,14837,5588,9249,1797,424,1373
45043,3,5,South Carolina,Georgetown County,1,55797,26700,29097,3477,1758,1719,7267,3709,3558,3300,1642,1658,4312,2132,2180,43398,20400,22998,41753,19591,22162,21225,10253,10972,8354,3687,4667,657,199,458
45045,3,5,South Carolina,Greenville County,1,379616,184782,194834,25655,13157,12498,47671,24432,23239,20058,10363,9695,36424,18129,18295,296099,141897,154202,286232,136830,149402,169959,84985,84974,44573,17634,26939,5009,1263,3746
45047,3,5,South Carolina,Greenwood County,1,66271,31088,35183,4577,2328,2249,8658,4327,4331,3644,1795,1849,6918,3257,3661,51249,23558,27691,49392,22638,26754,28356,13524,14832,9075,3505,5570,1041,271,770
45049,3,5,South Carolina,Hampton County,1,21386,10894,10492,1431,740,691,3103,1541,1562,1377,726,651,1808,937,871,16202,8275,7927,15475,7887,7588,9197,5033,4164,2595,1022,1573,274,76,198
45051,3,5,South Carolina,Horry County,1,196629,96534,100095,11298,5859,5439,21347,10954,10393,9284,4739,4545,18421,9364,9057,159355,77370,81985,154700,74982,79718,83048,42009,41039,29470,13173,16297,2041,587,1454
45053,3,5,South Carolina,Jasper County,1,20678,10878,9800,1499,821,678,2859,1466,1393,1183,618,565,2129,1248,881,15771,8302,7469,15137,7973,7164,9355,5281,4074,2269,1003,1266,258,89,169
45055,3,5,South Carolina,Kershaw County,1,52647,25424,27223,3452,1736,1716,7108,3632,3476,3190,1635,1555,4024,2019,2005,40462,19219,21243,38897,18421,20476,21598,10548,11050,6796,2821,3975,703,185,518
45057,3,5,South Carolina,Lancaster County,1,61351,30393,30958,4001,2084,1917,8178,4250,3928,3416,1724,1692,5272,2804,2468,47495,23205,24290,45756,22335,23421,26392,13671,12721,7413,2882,4531,752,178,574
45059,3,5,South Carolina,Laurens County,1,69567,33641,35926,4570,2367,2203,9105,4642,4463,3912,2046,1866,6434,3294,3140,53961,25638,28323,51980,24586,27394,29215,14536,14679,9168,3542,5626,1121,269,852
45061,3,5,South Carolina,Lee County,1,20119,10128,9991,1277,644,633,2644,1331,1313,1262,644,618,2015,1100,915,15568,7820,7748,14936,7509,7427,8837,4779,4058,2504,975,1529,287,83,204
45063,3,5,South Carolina,Lexington County,1,216014,104977,111037,14762,7645,7117,29142,14906,14236,12409,6193,6216,17874,8870,9004,165839,79360,86479,159701,76233,83468,95513,46879,48634,21989,8892,13097,2412,600,1812
45065,3,5,South Carolina,McCormick County,1,9958,5299,4659,417,217,200,974,494,480,546,284,262,830,518,312,8303,4450,3853,8021,4304,3717,4003,2393,1610,1645,714,931,178,43,135
45067,3,5,South Carolina,Marion County,1,35466,16388,19078,2469,1296,1173,4972,2516,2456,2353,1136,1217,3430,1665,1765,26892,12047,14845,25672,11440,14232,14735,6901,7834,4298,1576,2722,470,139,331
45069,3,5,South Carolina,Marlboro County,1,28818,14137,14681,1916,967,949,3776,1915,1861,1857,1002,855,2687,1395,1292,22164,10751,11413,21269,10253,11016,12518,6544,5974,3550,1338,2212,399,96,303
45071,3,5,South Carolina,Newberry County,1,36108,17421,18687,2326,1186,1140,4365,2240,2125,2010,1031,979,3551,1778,1773,28404,13461,14943,27407,12964,14443,15035,7476,7559,5323,2056,3267,706,173,533
45073,3,5,South Carolina,Oconee County,1,66215,32554,33661,3996,2030,1966,7713,4048,3665,3423,1791,1632,5291,2691,2600,52759,25538,27221,51083,24685,26398,25954,13053,12901,10311,4504,5807,849,227,622
45075,3,5,South Carolina,Orangeburg County,1,91582,42610,48972,5959,3121,2838,12068,6102,5966,5742,2906,2836,10872,5036,5836,70749,31958,38791,67813,30481,37332,39191,18282,20909,12091,4679,7412,1335,294,1041
45077,3,5,South Carolina,Pickens County,1,110757,55276,55481,6722,3472,3250,12659,6439,6220,5311,2719,2592,19370,10316,9054,88698,44030,44668,86065,42646,43419,53870,27910,25960,12616,5277,7339,1504,418,1086
45079,3,5,South Carolina,Richland County,1,320677,154737,165940,20285,10251,10034,39458,20005,19453,17866,9498,8368,44135,22013,22122,252197,119893,132304,243068,114983,128085,159069,78485,80584,31475,12386,19089,3378,884,2494
45081,3,5,South Carolina,Saluda County,1,19181,9523,9658,1251,652,599,2392,1224,1168,1137,620,517,1772,941,831,14995,7358,7637,14401,7027,7374,7925,4070,3855,2778,1162,1616,341,77,264
45083,3,5,South Carolina,Spartanburg County,1,253791,123338,130453,16739,8565,8174,32642,16769,15873,13520,6895,6625,23400,11529,11871,197564,94512,103052,190890,91109,99781,109310,54751,54559,31740,12439,19301,3583,915,2668
45085,3,5,South Carolina,Sumter County,1,104646,50680,53966,7829,3984,3845,15040,7672,7368,6561,3359,3202,10999,5716,5283,78541,37364,41177,75216,35665,39551,46693,23261,23432,11760,4584,7176,1281,318,963
45087,3,5,South Carolina,Union County,1,29881,14075,15806,1894,958,936,3629,1789,1840,1603,850,753,2439,1171,1268,23553,10898,12655,22755,10478,12277,12006,5883,6123,4670,1784,2886,505,124,381
45089,3,5,South Carolina,Williamsburg County,1,37217,17409,19808,2574,1325,1249,5473,2815,2658,2614,1341,1273,3361,1657,1704,27872,12599,15273,26556,11928,14628,14881,6998,7883,4856,1845,3011,472,121,351
45091,3,5,South Carolina,York County,1,164614,79751,84863,11144,5737,5407,22615,11652,10963,9525,4831,4694,15557,7152,8405,125984,59876,66108,121330,57531,63799,73811,35883,37928,17072,6862,10210,1772,457,1315
45001,3,5,South Carolina,Abbeville County,2,26167,12544,13623,1765,896,869,3352,1708,1644,1504,793,711,2498,1189,1309,20290,9530,10760,19546,9147,10399,10621,5145,5476,3842,1544,2298,488,139,349
45003,3,5,South Carolina,Aiken County,2,142552,68667,73885,9484,4870,4614,19229,9831,9398,8635,4358,4277,12478,6098,6380,109472,51748,57724,105204,49608,55596,60112,29256,30856,18287,7567,10720,1782,511,1271
45005,3,5,South Carolina,Allendale County,2,11211,5837,5374,775,455,320,1527,766,761,677,352,325,1099,620,479,8578,4446,4132,8232,4264,3968,4785,2693,2092,1421,549,872,189,40,149
45007,3,5,South Carolina,Anderson County,2,165740,80076,85664,11057,5684,5373,20851,10696,10155,8864,4426,4438,13868,6850,7018,129367,61503,67864,124968,59270,65698,68631,33820,34811,22627,9203,13424,2344,637,1707
45009,3,5,South Carolina,Bamberg County,2,16658,7831,8827,1039,558,481,2162,1093,1069,1034,508,526,2147,1057,1090,12988,5956,7032,12423,5672,6751,7046,3360,3686,2314,880,1434,240,60,180
45011,3,5,South Carolina,Barnwell County,2,23478,11293,12185,1674,898,776,3398,1791,1607,1537,782,755,2041,998,1043,17648,8216,9432,16869,7822,9047,9757,4692,5065,2962,1138,1824,301,70,231
45013,3,5,South Carolina,Beaufort County,2,120937,61193,59744,8110,4168,3942,14288,7251,7037,5745,2915,2830,14471,9065,5406,95645,48314,47331,92794,46859,45935,51591,27884,23707,18754,8791,9963,1512,529,983
45015,3,5,South Carolina,Berkeley County,2,142651,72462,70189,10242,5305,4937,20538,10474,10064,9145,4767,4378,16706,9922,6784,107249,54260,52989,102726,51916,50810,68039,35966,32073,11261,4888,6373,879,229,650
45017,3,5,South Carolina,Calhoun County,2,15185,7196,7989,958,480,478,1964,1002,962,882,438,444,1118,543,575,11827,5488,6339,11381,5276,6105,5892,2809,3083,2102,854,1248,242,63,179
45019,3,5,South Carolina,Charleston County,2,309960,149784,160176,19806,10166,9640,37605,19233,18372,16163,8063,8100,37268,18867,18401,244343,116235,128108,236386,112322,124064,143344,71160,72184,36854,14964,21890,3855,1037,2818
45021,3,5,South Carolina,Cherokee County,2,52537,25423,27114,3758,1896,1862,6974,3557,3417,2838,1439,1399,4746,2327,2419,40386,19261,21125,38967,18531,20436,22421,11140,11281,6517,2501,4016,721,147,574
45023,3,5,South Carolina,Chester County,2,34068,16369,17699,2294,1229,1065,4818,2476,2342,2055,1037,1018,2871,1403,1468,25953,12142,13811,24901,11627,13274,14035,6818,7217,4317,1692,2625,446,102,344
45025,3,5,South Carolina,Chesterfield County,2,42768,20631,22137,2893,1445,1448,5988,3045,2943,2510,1278,1232,3644,1800,1844,32642,15518,17124,31377,14863,16514,17922,8901,9021,5120,2005,3115,516,123,393
45027,3,5,South Carolina,Clarendon County,2,32502,15957,16545,1972,1019,953,4303,2135,2168,2088,1092,996,3397,2052,1345,25214,12287,12927,24139,11711,12428,13136,6833,6303,4538,1896,2642,433,121,312
45029,3,5,South Carolina,Colleton County,2,38264,18327,19937,2649,1346,1303,5374,2760,2614,2492,1240,1252,3078,1503,1575,28987,13602,15385,27749,12981,14768,15233,7316,7917,4928,2059,2869,493,134,359
45031,3,5,South Carolina,Darlington County,2,67394,31881,35513,4664,2399,2265,9294,4781,4513,3751,1928,1823,6051,2896,3155,51543,23718,27825,49685,22773,26912,27847,13227,14620,8158,3129,5029,843,208,635
45033,3,5,South Carolina,Dillon County,2,30722,14329,16393,2273,1099,1174,4596,2359,2237,2063,1077,986,2927,1392,1535,22857,10338,12519,21790,9794,11996,12927,6142,6785,3545,1258,2287,353,80,273
45035,3,5,South Carolina,Dorchester County,2,96361,47159,49202,6468,3325,3143,14749,7614,7135,6612,3442,3170,7470,3743,3727,71773,34400,37373,68532,32778,35754,42842,21295,21547,8786,3511,5275,870,211,659
45037,3,5,South Carolina,Edgefield County,2,24593,13038,11555,1480,779,701,3096,1572,1524,1355,714,641,2412,1456,956,19319,10318,9001,18662,9973,8689,11292,6468,4824,2669,1089,1580,293,84,209
45039,3,5,South Carolina,Fairfield County,2,23454,11167,12287,1580,792,788,3180,1571,1609,1368,657,711,2019,1000,1019,17991,8476,9515,17326,8147,9179,9551,4575,4976,3094,1284,1810,344,101,243
45041,3,5,South Carolina,Florence County,2,125761,59099,66662,8216,4164,4052,16804,8527,8277,7581,3827,3754,12215,5882,6333,96934,44493,52441,93160,42581,50579,54300,25832,28468,14837,5588,9249,1797,424,1373
45043,3,5,South Carolina,Georgetown County,2,55797,26700,29097,3477,1758,1719,7267,3709,3558,3300,1642,1658,4312,2132,2180,43398,20400,22998,41753,19591,22162,21225,10253,10972,8354,3687,4667,657,199,458
45045,3,5,South Carolina,Greenville County,2,379632,184787,194845,25655,13157,12498,47671,24432,23239,20060,10364,9696,36424,18129,18295,296115,141902,154213,286246,136834,149412,169962,84987,84975,44581,17635,26946,5010,1263,3747
45047,3,5,South Carolina,Greenwood County,2,66271,31088,35183,4577,2328,2249,8658,4327,4331,3644,1795,1849,6918,3257,3661,51249,23558,27691,49392,22638,26754,28356,13524,14832,9075,3505,5570,1041,271,770
45049,3,5,South Carolina,Hampton County,2,21386,10894,10492,1431,740,691,3103,1541,1562,1377,726,651,1808,937,871,16202,8275,7927,15475,7887,7588,9197,5033,4164,2595,1022,1573,274,76,198
45051,3,5,South Carolina,Horry County,2,196629,96534,100095,11298,5859,5439,21347,10954,10393,9284,4739,4545,18421,9364,9057,159355,77370,81985,154700,74982,79718,83048,42009,41039,29470,13173,16297,2041,587,1454
45053,3,5,South Carolina,Jasper County,2,20678,10878,9800,1499,821,678,2859,1466,1393,1183,618,565,2129,1248,881,15771,8302,7469,15137,7973,7164,9355,5281,4074,2269,1003,1266,258,89,169
45055,3,5,South Carolina,Kershaw County,2,52647,25424,27223,3452,1736,1716,7108,3632,3476,3190,1635,1555,4024,2019,2005,40462,19219,21243,38897,18421,20476,21598,10548,11050,6796,2821,3975,703,185,518
45057,3,5,South Carolina,Lancaster County,2,61351,30393,30958,4001,2084,1917,8178,4250,3928,3416,1724,1692,5272,2804,2468,47495,23205,24290,45756,22335,23421,26392,13671,12721,7413,2882,4531,752,178,574
45059,3,5,South Carolina,Laurens County,2,69533,33631,35902,4569,2367,2202,9099,4639,4460,3905,2043,1862,6433,3294,3139,53937,25632,28305,51960,24582,27378,29203,14533,14670,9158,3540,5618,1120,269,851
45061,3,5,South Carolina,Lee County,2,20119,10128,9991,1277,644,633,2644,1331,1313,1262,644,618,2015,1100,915,15568,7820,7748,14936,7509,7427,8837,4779,4058,2504,975,1529,287,83,204
45063,3,5,South Carolina,Lexington County,2,216014,104977,111037,14762,7645,7117,29142,14906,14236,12409,6193,6216,17874,8870,9004,165839,79360,86479,159701,76233,83468,95513,46879,48634,21989,8892,13097,2412,600,1812
45065,3,5,South Carolina,McCormick County,2,9958,5299,4659,417,217,200,974,494,480,546,284,262,830,518,312,8303,4450,3853,8021,4304,3717,4003,2393,1610,1645,714,931,178,43,135
45067,3,5,South Carolina,Marion County,2,35466,16388,19078,2469,1296,1173,4972,2516,2456,2353,1136,1217,3430,1665,1765,26892,12047,14845,25672,11440,14232,14735,6901,7834,4298,1576,2722,470,139,331
45069,3,5,South Carolina,Marlboro County,2,28818,14137,14681,1916,967,949,3776,1915,1861,1857,1002,855,2687,1395,1292,22164,10751,11413,21269,10253,11016,12518,6544,5974,3550,1338,2212,399,96,303
45071,3,5,South Carolina,Newberry County,2,36108,17421,18687,2326,1186,1140,4365,2240,2125,2010,1031,979,3551,1778,1773,28404,13461,14943,27407,12964,14443,15035,7476,7559,5323,2056,3267,706,173,533
45073,3,5,South Carolina,Oconee County,2,66215,32554,33661,3996,2030,1966,7713,4048,3665,3423,1791,1632,5291,2691,2600,52759,25538,27221,51083,24685,26398,25954,13053,12901,10311,4504,5807,849,227,622
45075,3,5,South Carolina,Orangeburg County,2,91509,42578,48931,5954,3116,2838,12058,6096,5962,5740,2905,2835,10867,5033,5834,70692,31938,38754,67757,30461,37296,39162,18269,20893,12078,4677,7401,1333,294,1039
45077,3,5,South Carolina,Pickens County,2,110757,55276,55481,6722,3472,3250,12659,6439,6220,5311,2719,2592,19370,10316,9054,88698,44030,44668,86065,42646,43419,53870,27910,25960,12616,5277,7339,1504,418,1086
45079,3,5,South Carolina,Richland County,2,320677,154737,165940,20285,10251,10034,39458,20005,19453,17866,9498,8368,44135,22013,22122,252197,119893,132304,243068,114983,128085,159069,78485,80584,31475,12386,19089,3378,884,2494
45081,3,5,South Carolina,Saluda County,2,19181,9523,9658,1251,652,599,2392,1224,1168,1137,620,517,1772,941,831,14995,7358,7637,14401,7027,7374,7925,4070,3855,2778,1162,1616,341,77,264
45083,3,5,South Carolina,Spartanburg County,2,253782,123338,130444,16739,8565,8174,32642,16769,15873,13520,6895,6625,23391,11529,11862,197555,94512,103043,190881,91109,99772,109301,54751,54550,31740,12439,19301,3583,915,2668
45085,3,5,South Carolina,Sumter County,2,104636,50674,53962,7829,3984,3845,15037,7670,7367,6561,3359,3202,10999,5716,5283,78534,37360,41174,75209,35661,39548,46692,23261,23431,11756,4582,7174,1281,318,963
45087,3,5,South Carolina,Union County,2,29881,14075,15806,1894,958,936,3629,1789,1840,1603,850,753,2439,1171,1268,23553,10898,12655,22755,10478,12277,12006,5883,6123,4670,1784,2886,505,124,381
45089,3,5,South Carolina,Williamsburg County,2,37217,17409,19808,2574,1325,1249,5473,2815,2658,2614,1341,1273,3361,1657,1704,27872,12599,15273,26556,11928,14628,14881,6998,7883,4856,1845,3011,472,121,351
45091,3,5,South Carolina,York County,2,164623,79751,84872,11144,5737,5407,22615,11652,10963,9525,4831,4694,15566,7152,8414,125993,59876,66117,121339,57531,63808,73820,35883,37937,17072,6862,10210,1772,457,1315
45001,3,5,South Carolina,Abbeville County,3,26221,12568,13653,1756,893,863,3333,1699,1634,1502,791,711,2507,1194,1313,20372,9566,10806,19630,9185,10445,10625,5147,5478,3850,1549,2301,495,141,354
45003,3,5,South Carolina,Aiken County,3,142780,68792,73988,9497,4878,4619,19200,9815,9385,8615,4347,4268,12552,6138,6414,109733,51891,57842,105468,49752,55716,60061,29245,30816,18374,7604,10770,1813,523,1290
45005,3,5,South Carolina,Allendale County,3,11185,5813,5372,758,444,314,1512,760,752,672,349,323,1101,622,479,8586,4441,4145,8243,4260,3983,4779,2688,2091,1425,550,875,194,41,153
45007,3,5,South Carolina,Anderson County,3,166323,80371,85952,11107,5713,5394,20860,10704,10156,8876,4432,4444,13966,6901,7065,129896,61764,68132,125480,59522,65958,68709,33863,34846,22723,9251,13472,2385,651,1734
45009,3,5,South Carolina,Bamberg County,3,16622,7813,8809,1026,555,471,2141,1083,1058,1032,506,526,2148,1059,1089,12986,5952,7034,12423,5669,6754,7043,3357,3686,2304,876,1428,243,61,182
45011,3,5,South Carolina,Barnwell County,3,23466,11287,12179,1671,895,776,3384,1784,1600,1531,776,755,2040,1000,1040,17657,8224,9433,16880,7832,9048,9740,4688,5052,2967,1140,1827,306,72,234
45013,3,5,South Carolina,Beaufort County,3,121977,61733,60244,8226,4233,3993,14412,7307,7105,5782,2932,2850,14635,9160,5475,96427,48725,47702,93557,47261,46296,51900,28054,23846,18998,8916,10082,1552,549,1003
45015,3,5,South Carolina,Berkeley County,3,142988,72610,70378,10315,5338,4977,20536,10470,10066,9146,4763,4383,16818,9985,6833,107520,54383,53137,102991,52039,50952,67947,35925,32022,11434,4971,6463,901,236,665
45017,3,5,South Carolina,Calhoun County,3,15238,7236,8002,958,483,475,1956,999,957,882,438,444,1126,546,580,11887,5527,6360,11442,5316,6126,5919,2828,3091,2105,856,1249,245,64,181
45019,3,5,South Carolina,Charleston County,3,310669,150161,160508,19866,10203,9663,37609,19229,18380,16188,8073,8115,37513,19002,18511,244980,116574,128406,237006,112656,124350,143339,71187,72152,36980,15026,21954,3906,1060,2846
45021,3,5,South Carolina,Cherokee County,3,52670,25487,27183,3759,1893,1866,6957,3550,3407,2832,1436,1396,4781,2346,2435,40539,19336,21203,39122,18608,20514,22452,11162,11290,6539,2509,4030,733,150,583
45023,3,5,South Carolina,Chester County,3,34127,16404,17723,2286,1225,1061,4801,2469,2332,2050,1033,1017,2890,1414,1476,26041,12190,13851,24990,11677,13313,14056,6831,7225,4313,1693,2620,453,104,349
45025,3,5,South Carolina,Chesterfield County,3,42907,20714,22193,2886,1444,1442,5977,3039,2938,2510,1279,1231,3679,1822,1857,32800,15607,17193,31534,14952,16582,17978,8941,9037,5121,2009,3112,524,126,398
45027,3,5,South Carolina,Clarendon County,3,32548,15980,16568,1953,1009,944,4281,2128,2153,2076,1086,990,3409,2058,1351,25310,12332,12978,24238,11757,12481,13142,6837,6305,4557,1907,2650,441,124,317
45029,3,5,South Carolina,Colleton County,3,38347,18373,19974,2631,1339,1292,5350,2745,2605,2488,1237,1251,3100,1515,1585,29115,13671,15444,27878,13052,14826,15267,7337,7930,4927,2058,2869,500,136,364
45031,3,5,South Carolina,Darlington County,3,67478,31935,35543,4636,2386,2250,9247,4760,4487,3741,1921,1820,6098,2925,3173,51710,23811,27899,49854,22868,26986,27862,13245,14617,8158,3130,5028,854,212,642
45033,3,5,South Carolina,Dillon County,3,30709,14325,16384,2243,1081,1162,4552,2338,2214,2053,1072,981,2943,1402,1541,22925,10377,12548,21861,9834,12027,12949,6158,6791,3546,1263,2283,359,81,278
45035,3,5,South Carolina,Dorchester County,3,96708,47330,49378,6509,3348,3161,14789,7636,7153,6624,3447,3177,7534,3780,3754,72039,34527,37512,68786,32899,35887,42903,21331,21572,8841,3537,5304,887,217,670
45037,3,5,South Carolina,Edgefield County,3,24599,13045,11554,1465,772,693,3075,1565,1510,1351,711,640,2412,1459,953,19363,10341,9022,18708,9997,8711,11289,6471,4818,2670,1089,1581,298,86,212
45039,3,5,South Carolina,Fairfield County,3,23543,11221,12322,1570,789,781,3170,1568,1602,1363,653,710,2034,1009,1025,18104,8538,9566,17440,8211,9229,9600,4601,4999,3083,1281,1802,349,103,246
45041,3,5,South Carolina,Florence County,3,125793,59110,66683,8154,4133,4021,16715,8484,8231,7554,3809,3745,12276,5916,6360,97137,44589,52548,93370,42684,50686,54269,25819,28450,14880,5605,9275,1819,432,1387
45043,3,5,South Carolina,Georgetown County,3,56102,26847,29255,3463,1753,1710,7259,3706,3553,3308,1645,1663,4350,2154,2196,43720,20552,23168,42072,19743,22329,21317,10300,11017,8425,3719,4706,671,204,467
45045,3,5,South Carolina,Greenville County,3,381027,185470,195557,25783,13214,12569,47693,24434,23259,20066,10358,9708,36716,18282,18434,297373,142537,154836,287485,137464,150021,170176,85116,85060,44827,17743,27084,5095,1296,3799
45047,3,5,South Carolina,Greenwood County,3,66329,31121,35208,4559,2318,2241,8622,4311,4311,3638,1794,1844,6953,3277,3676,51368,23620,27748,49510,22698,26812,28357,13530,14827,9087,3508,5579,1059,277,782
45049,3,5,South Carolina,Hampton County,3,21363,10874,10489,1414,731,683,3071,1524,1547,1367,720,647,1806,937,869,16233,8284,7949,15511,7899,7612,9189,5026,4163,2593,1021,1572,279,78,201
45051,3,5,South Carolina,Horry County,3,198027,97246,100781,11403,5912,5491,21446,11000,10446,9329,4762,4567,18659,9490,9169,160529,77974,82555,155849,75572,80277,83430,42227,41203,29695,13285,16410,2088,606,1482
45053,3,5,South Carolina,Jasper County,3,20731,10901,9830,1488,813,675,2836,1455,1381,1175,614,561,2138,1255,883,15861,8345,7516,15232,8019,7213,9383,5296,4087,2280,1007,1273,261,90,171
45055,3,5,South Carolina,Kershaw County,3,52847,25521,27326,3449,1735,1714,7092,3623,3469,3189,1634,1555,4045,2031,2014,40688,19329,21359,39117,18529,20588,21657,10579,11078,6801,2822,3979,713,189,524
45057,3,5,South Carolina,Lancaster County,3,61394,30400,30994,3987,2076,1911,8160,4238,3922,3408,1723,1685,5296,2815,2481,47575,23233,24342,45839,22363,23476,26374,13659,12715,7424,2885,4539,764,183,581
45059,3,5,South Carolina,Laurens County,3,69656,33710,35946,4549,2359,2190,9078,4632,4446,3901,2040,1861,6473,3319,3154,54107,25729,28378,52128,24679,27449,29241,14563,14678,9164,3543,5621,1134,275,859
45061,3,5,South Carolina,Lee County,3,20135,10123,10012,1258,635,623,2631,1321,1310,1254,641,613,2020,1101,919,15619,7835,7784,14992,7526,7466,8856,4781,4075,2505,977,1528,293,86,207
45063,3,5,South Carolina,Lexington County,3,216856,105398,111458,14827,7679,7148,29152,14910,14242,12418,6193,6225,18024,8952,9072,166613,79750,86863,160459,76616,83843,95645,46958,48687,22164,8967,13197,2456,615,1841
45065,3,5,South Carolina,McCormick County,3,9990,5308,4682,411,212,199,971,493,478,545,282,263,826,516,310,8344,4465,3879,8063,4321,3742,4015,2391,1624,1657,720,937,181,43,138
45067,3,5,South Carolina,Marion County,3,35467,16379,19088,2440,1281,1159,4954,2505,2449,2347,1132,1215,3437,1670,1767,26941,12065,14876,25726,11461,14265,14735,6893,7842,4280,1570,2710,475,141,334
45069,3,5,South Carolina,Marlboro County,3,28809,14121,14688,1895,954,941,3750,1901,1849,1851,998,853,2692,1401,1291,22205,10764,11441,21313,10268,11045,12514,6541,5973,3553,1338,2215,404,97,307
45071,3,5,South Carolina,Newberry County,3,36132,17433,18699,2315,1183,1132,4352,2236,2116,2007,1029,978,3562,1784,1778,28455,13482,14973,27458,12985,14473,15045,7477,7568,5319,2053,3266,716,176,540
45073,3,5,South Carolina,Oconee County,3,66423,32637,33786,3999,2030,1969,7712,4046,3666,3415,1786,1629,5323,2709,2614,52974,25629,27345,51297,24775,26522,25958,13048,12910,10378,4531,5847,868,233,635
45075,3,5,South Carolina,Orangeburg County,3,91501,42578,48923,5889,3083,2806,11985,6056,5929,5722,2896,2826,10910,5061,5849,70834,32018,38816,67905,30543,37362,39131,18264,20867,12100,4684,7416,1351,300,1051
45077,3,5,South Carolina,Pickens County,3,111050,55417,55633,6714,3469,3245,12629,6428,6201,5304,2714,2590,19486,10381,9105,89038,44190,44848,86403,42806,43597,53954,27949,26005,12699,5310,7389,1535,430,1105
45079,3,5,South Carolina,Richland County,3,321356,155192,166164,20380,10300,10080,39386,19969,19417,17882,9497,8385,44428,22186,22242,252857,120337,132520,243708,115426,128282,159044,78579,80465,31672,12481,19191,3418,904,2514
45081,3,5,South Carolina,Saluda County,3,19183,9513,9670,1241,646,595,2384,1220,1164,1126,612,514,1777,946,831,15020,7361,7659,14432,7035,7397,7925,4064,3861,2779,1163,1616,347,78,269
45083,3,5,South Carolina,Spartanburg County,3,254395,123655,130740,16779,8586,8193,32582,16736,15846,13509,6883,6626,23563,11620,11943,198204,94851,103353,191525,91450,100075,109373,54805,54568,31828,12480,19348,3636,937,2699
45085,3,5,South Carolina,Sumter County,3,104741,50701,54040,7818,3981,3837,15003,7644,7359,6551,3354,3197,11056,5746,5310,78695,37420,41275,75369,35722,39647,46662,23250,23412,11818,4599,7219,1302,325,977
45087,3,5,South Carolina,Union County,3,29873,14072,15801,1878,952,926,3615,1783,1832,1599,846,753,2438,1173,1265,23576,10909,12667,22781,10491,12290,11972,5868,6104,4682,1787,2895,518,128,390
45089,3,5,South Carolina,Williamsburg County,3,37147,17391,19756,2540,1309,1231,5434,2799,2635,2599,1334,1265,3359,1660,1699,27882,12616,15266,26574,11949,14625,14853,6994,7859,4847,1841,3006,477,122,355
45091,3,5,South Carolina,York County,3,165697,80293,85404,11191,5759,5432,22681,11688,10993,9561,4847,4714,15726,7236,8490,126944,60354,66590,122264,57999,64265,74225,36094,38131,17174,6907,10267,1803,468,1335
45001,3,5,South Carolina,Abbeville County,4,26335,12629,13706,1707,888,819,3339,1696,1643,1502,795,707,2657,1270,1387,20556,9657,10899,19787,9250,10537,10667,5161,5506,3853,1557,2296,526,150,376
45003,3,5,South Carolina,Aiken County,4,143649,69234,74415,9504,4882,4622,19092,9720,9372,8472,4338,4134,13049,6450,6599,110819,52433,58386,106581,50294,56287,59810,29147,30663,18691,7739,10952,1896,578,1318
45005,3,5,South Carolina,Allendale County,4,10978,5671,5307,766,442,324,1476,760,716,659,348,311,1106,617,489,8426,4310,4116,8077,4121,3956,4546,2548,1998,1438,542,896,210,37,173
45007,3,5,South Carolina,Anderson County,4,168810,81652,87158,11199,5749,5450,21206,10916,10290,8926,4464,4462,14670,7280,7390,131922,62730,69192,127479,60523,66956,69464,34276,35188,23015,9371,13644,2483,693,1790
45009,3,5,South Carolina,Bamberg County,4,16396,7725,8671,1058,580,478,2071,1035,1036,972,498,474,2148,1060,1088,12819,5877,6942,12295,5612,6683,6838,3280,3558,2303,890,1413,266,71,195
45011,3,5,South Carolina,Barnwell County,4,23437,11275,12162,1650,875,775,3320,1759,1561,1528,794,734,2105,1030,1075,17706,8261,9445,16939,7847,9092,9596,4625,4971,2976,1139,1837,314,77,237
45013,3,5,South Carolina,Beaufort County,4,125475,63635,61840,8638,4413,4225,14777,7446,7331,5981,3071,2910,15207,9524,5683,99023,50225,48798,96079,48705,47374,53531,29093,24438,19792,9311,10481,1725,638,1087
45015,3,5,South Carolina,Berkeley County,4,143818,72889,70929,10414,5357,5057,20263,10327,9936,9231,4789,4442,16982,10075,6907,108475,54796,53679,103910,52416,51494,67507,35695,31812,11941,5171,6770,990,255,735
45017,3,5,South Carolina,Calhoun County,4,15299,7289,8010,957,481,476,1922,975,947,880,460,420,1221,597,624,11983,5598,6385,11540,5373,6167,5920,2841,3079,2091,855,1236,258,71,187
45019,3,5,South Carolina,Charleston County,4,312365,150935,161430,20688,10540,10148,37099,19015,18084,16393,8248,8145,36853,18717,18136,246295,117180,129115,238185,113132,125053,142611,70934,71677,37231,15120,22111,4102,1153,2949
45021,3,5,South Carolina,Cherokee County,4,53106,25734,27372,3831,1953,1878,7015,3571,3444,2825,1443,1382,4879,2398,2481,40865,19503,21362,39435,18767,20668,22425,11176,11249,6591,2530,4061,801,164,637
45023,3,5,South Carolina,Chester County,4,34071,16401,17670,2345,1255,1090,4704,2426,2278,1990,1020,970,3022,1490,1532,26006,12207,13799,25032,11700,13332,13874,6741,7133,4312,1686,2626,486,123,363
45025,3,5,South Carolina,Chesterfield County,4,43110,20815,22295,2896,1455,1441,5948,3010,2938,2542,1285,1257,3731,1881,1850,32983,15710,17273,31724,15065,16659,17877,8872,9005,5140,2031,3109,541,132,409
45027,3,5,South Carolina,Clarendon County,4,32811,16171,16640,2028,1042,986,4159,2072,2087,2100,1078,1022,3623,2227,1396,25586,12538,13048,24524,11979,12545,13298,6968,6330,4569,1921,2648,460,126,334
45029,3,5,South Carolina,Colleton County,4,38600,18508,20092,2709,1402,1307,5291,2701,2590,2480,1225,1255,3306,1622,1684,29369,13787,15582,28120,13180,14940,15282,7390,7892,4965,2085,2880,541,153,388
45031,3,5,South Carolina,Darlington County,4,67611,32039,35572,4644,2387,2257,9244,4767,4477,3680,1891,1789,6175,2993,3182,51874,23923,27951,50043,22994,27049,27631,13201,14430,8232,3194,5038,881,224,657
45033,3,5,South Carolina,Dillon County,4,31025,14478,16547,2349,1145,1204,4539,2335,2204,2036,1037,999,3026,1478,1548,23155,10496,12659,22101,9961,12140,12916,6183,6733,3607,1280,2327,377,92,285
45035,3,5,South Carolina,Dorchester County,4,98550,48247,50303,6482,3324,3158,14751,7559,7192,6759,3550,3209,8180,4153,4027,73918,35579,38339,70558,33814,36744,43756,21820,21936,9142,3693,5449,923,228,695
45037,3,5,South Carolina,Edgefield County,4,24568,13118,11450,1473,782,691,2953,1510,1443,1376,713,663,2486,1517,969,19437,10470,8967,18766,10113,8653,11184,6506,4678,2710,1109,1601,325,90,235
45039,3,5,South Carolina,Fairfield County,4,23673,11306,12367,1593,822,771,3146,1555,1591,1363,659,704,2093,1029,1064,18241,8605,9636,17571,8270,9301,9586,4578,5008,3094,1281,1813,341,100,241
45041,3,5,South Carolina,Florence County,4,126334,59365,66969,8414,4293,4121,16368,8277,8091,7526,3790,3736,12544,6118,6426,97805,44886,52919,94026,43005,51021,53942,25685,28257,15183,5738,9445,1878,434,1444
45043,3,5,South Carolina,Georgetown County,4,56918,27297,29621,3512,1804,1708,7139,3676,3463,3370,1688,1682,4589,2256,2333,44537,20963,23574,42897,20129,22768,21452,10411,11041,8802,3896,4906,712,214,498
45045,3,5,South Carolina,Greenville County,4,386309,188293,198016,26110,13367,12743,48244,24671,23573,20463,10542,9921,37119,18604,18515,301636,144915,156721,291492,139713,151779,170968,85757,85211,45319,18032,27287,5234,1394,3840
45047,3,5,South Carolina,Greenwood County,4,66765,31384,35381,4611,2345,2266,8605,4313,4292,3577,1755,1822,7074,3361,3713,51721,23837,27884,49972,22971,27001,28284,13493,14791,9184,3577,5607,1137,305,832
45049,3,5,South Carolina,Hampton County,4,21268,10785,10483,1416,713,703,3000,1499,1501,1355,704,651,1906,1011,895,16190,8228,7962,15497,7869,7628,9030,4931,4099,2610,1020,1590,296,91,205
45051,3,5,South Carolina,Horry County,4,201584,99028,102556,11781,6099,5682,21748,11104,10644,9441,4900,4541,19011,9614,9397,163328,79397,83931,158614,76925,81689,84661,42949,41712,30614,13650,16964,2271,692,1579
45053,3,5,South Carolina,Jasper County,4,20842,10971,9871,1492,803,689,2816,1438,1378,1170,611,559,2223,1314,909,15925,8404,7521,15364,8119,7245,9387,5309,4078,2314,1008,1306,298,106,192
45055,3,5,South Carolina,Kershaw County,4,53426,25814,27612,3547,1818,1729,7073,3630,3443,3206,1619,1587,4293,2164,2129,41261,19591,21670,39600,18747,20853,21698,10619,11079,6894,2841,4053,728,197,531
45057,3,5,South Carolina,Lancaster County,4,61667,30585,31082,4139,2124,2015,8052,4204,3848,3375,1726,1649,5442,2911,2531,47784,23378,24406,46101,22531,23570,26195,13590,12605,7503,2931,4572,795,190,605
45059,3,5,South Carolina,Laurens County,4,70026,33932,36094,4465,2315,2150,9065,4619,4446,3955,2049,1906,6738,3478,3260,54544,25996,28548,52541,24949,27592,29352,14629,14723,9088,3549,5539,1111,272,839
45061,3,5,South Carolina,Lee County,4,20135,10128,10007,1299,651,648,2553,1308,1245,1209,591,618,2108,1160,948,15690,7888,7802,15074,7578,7496,8778,4760,4018,2491,959,1532,312,89,223
45063,3,5,South Carolina,Lexington County,4,220033,107062,112971,15078,7782,7296,29071,14891,14180,12637,6359,6278,18591,9295,9296,169569,81229,88340,163247,78030,85217,95683,47042,48641,22926,9329,13597,2589,660,1929
45065,3,5,South Carolina,McCormick County,4,10108,5364,4744,433,228,205,941,476,465,553,288,265,875,537,338,8455,4513,3942,8181,4372,3809,4037,2404,1633,1731,772,959,177,49,128
45067,3,5,South Carolina,Marion County,4,35297,16334,18963,2455,1308,1147,4837,2467,2370,2241,1079,1162,3546,1722,1824,26926,12042,14884,25764,11480,14284,14416,6741,7675,4336,1577,2759,472,134,338
45069,3,5,South Carolina,Marlboro County,4,28609,14054,14555,1937,1012,925,3670,1848,1822,1793,953,840,2735,1457,1278,22100,10735,11365,21209,10241,10968,12378,6491,5887,3525,1317,2208,415,102,313
45071,3,5,South Carolina,Newberry County,4,36360,17572,18788,2381,1206,1175,4370,2245,2125,1934,993,941,3714,1884,1830,28658,13617,15041,27675,13128,14547,15019,7506,7513,5318,2063,3255,722,186,536
45073,3,5,South Carolina,Oconee County,4,67010,32948,34062,3983,2011,1972,7763,4069,3694,3419,1808,1611,5440,2762,2678,53569,25985,27584,51845,25060,26785,26080,13147,12933,10657,4672,5985,894,234,660
45075,3,5,South Carolina,Orangeburg County,4,91306,42479,48827,6062,3159,2903,11704,5930,5774,5534,2778,2756,11106,5176,5930,70863,32070,38793,68006,30612,37394,38519,17995,20524,12224,4782,7442,1417,329,1088
45077,3,5,South Carolina,Pickens County,4,111821,55864,55957,6604,3400,3204,12728,6473,6255,5259,2692,2567,19334,10265,9069,89812,44659,45153,87230,43299,43931,53936,27917,26019,12912,5416,7496,1623,466,1157
45079,3,5,South Carolina,Richland County,4,324080,156442,167638,20908,10604,10304,39326,19936,19390,17980,9467,8513,44402,22290,22112,254945,121268,133677,245866,116435,129431,158899,78587,80312,31736,12476,19260,3499,936,2563
45081,3,5,South Carolina,Saluda County,4,19159,9548,9611,1237,649,588,2368,1196,1172,1077,588,489,1862,1016,846,15036,7424,7612,14477,7115,7362,7883,4077,3806,2734,1148,1586,356,84,272
45083,3,5,South Carolina,Spartanburg County,4,256778,124927,131851,16828,8654,8174,32757,16823,15934,13697,6946,6751,23993,11882,12111,200202,95935,104267,193496,92504,100992,109732,55024,54708,32102,12653,19449,3744,960,2784
45085,3,5,South Carolina,Sumter County,4,104349,50468,53881,7990,4094,3896,14767,7515,7252,6502,3280,3222,11034,5746,5288,78340,37207,41133,75090,35579,39511,45633,22721,22912,12074,4705,7369,1342,341,1001
45087,3,5,South Carolina,Union County,4,29568,13914,15654,1827,919,908,3574,1775,1799,1574,813,761,2442,1196,1246,23359,10793,12566,22593,10407,12186,11604,5682,5922,4696,1812,2884,539,139,400
45089,3,5,South Carolina,Williamsburg County,4,36819,17213,19606,2516,1293,1223,5240,2700,2540,2558,1298,1260,3405,1689,1716,27793,12570,15223,26505,11922,14583,14473,6856,7617,4876,1822,3054,535,137,398
45091,3,5,South Carolina,York County,4,169561,82310,87251,11335,5822,5513,22853,11720,11133,9913,5110,4803,16686,7763,8923,130383,62168,68215,125460,59658,65802,75633,36842,38791,17667,7173,10494,1877,499,1378
45001,3,5,South Carolina,Abbeville County,5,26355,12661,13694,1720,912,808,3291,1676,1615,1483,767,716,2712,1289,1423,20615,9712,10903,19861,9306,10555,10598,5119,5479,3813,1545,2268,528,142,386
45003,3,5,South Carolina,Aiken County,5,145176,69946,75230,9462,4873,4589,18917,9666,9251,8658,4402,4256,13419,6628,6791,112523,53221,59302,108139,51005,57134,59816,29155,30661,19144,7914,11230,2002,616,1386
45005,3,5,South Carolina,Allendale County,5,11047,5786,5261,791,452,339,1431,737,694,656,351,305,1156,676,480,8491,4413,4078,8169,4246,3923,4605,2648,1957,1413,543,870,220,45,175
45007,3,5,South Carolina,Anderson County,5,170184,82219,87965,11219,5773,5446,21188,10887,10301,9141,4574,4567,14811,7306,7505,133188,63223,69965,128636,60985,67651,69254,34094,35160,23248,9464,13784,2557,700,1857
45009,3,5,South Carolina,Bamberg County,5,16348,7693,8655,1080,574,506,2008,1025,983,941,473,468,2187,1071,1116,12808,5861,6947,12319,5621,6698,6740,3245,3495,2289,882,1407,278,78,200
45011,3,5,South Carolina,Barnwell County,5,23314,11190,12124,1646,860,786,3191,1707,1484,1544,794,750,2115,1041,1074,17670,8209,9461,16933,7829,9104,9421,4531,4890,2974,1152,1822,333,76,257
45013,3,5,South Carolina,Beaufort County,5,129855,66227,63628,9016,4579,4437,15077,7610,7467,6334,3253,3081,16348,10447,5901,102557,52392,50165,99428,50785,48643,55635,30601,25034,20732,9733,10999,1925,730,1195
45015,3,5,South Carolina,Berkeley County,5,145030,73345,71685,10524,5339,5185,20000,10265,9735,9310,4791,4519,17160,10146,7014,109827,55382,54445,105196,52950,52246,67143,35421,31722,12519,5434,7085,1078,298,780
45017,3,5,South Carolina,Calhoun County,5,15213,7228,7985,948,469,479,1904,969,935,845,443,402,1207,590,617,11946,5570,6376,11516,5347,6169,5739,2746,2993,2101,865,1236,264,77,187
45019,3,5,South Carolina,Charleston County,5,316611,152992,163619,21613,10973,10640,36898,19000,17898,16634,8405,8229,36471,18527,17944,249690,118766,130924,241466,114614,126852,143221,71231,71990,37614,15292,22322,4274,1249,3025
45021,3,5,South Carolina,Cherokee County,5,53566,25922,27644,3883,1985,1898,6984,3571,3413,2919,1461,1458,4921,2411,2510,41199,19617,21582,39780,18905,20875,22355,11099,11256,6571,2521,4050,845,179,666
45023,3,5,South Carolina,Chester County,5,34077,16409,17668,2405,1279,1126,4597,2379,2218,2025,1048,977,3073,1527,1546,26039,12218,13821,25050,11703,13347,13702,6657,7045,4285,1680,2605,510,122,388
45025,3,5,South Carolina,Chesterfield County,5,43202,20831,22371,2949,1437,1512,5824,2954,2870,2580,1316,1264,3795,1918,1877,33084,15742,17342,31849,15124,16725,17693,8798,8895,5182,2054,3128,573,143,430
45027,3,5,South Carolina,Clarendon County,5,32908,16260,16648,2039,1044,995,4060,2039,2021,2085,1062,1023,3820,2336,1484,25777,12674,13103,24724,12115,12609,13289,7044,6245,4598,1946,2652,469,117,352
45029,3,5,South Carolina,Colleton County,5,38906,18654,20252,2755,1416,1339,5285,2720,2565,2414,1194,1220,3479,1686,1793,29698,13939,15759,28452,13324,15128,15340,7433,7907,5016,2110,2906,574,159,415
45031,3,5,South Carolina,Darlington County,5,67844,32136,35708,4680,2398,2282,9141,4717,4424,3741,1935,1806,6172,3014,3158,52146,24051,28095,50282,23086,27196,27261,13018,14243,8324,3248,5076,896,214,682
45033,3,5,South Carolina,Dillon County,5,31049,14469,16580,2388,1150,1238,4470,2301,2169,1978,1022,956,3116,1523,1593,23188,10517,12671,22213,9996,12217,12803,6087,6716,3596,1271,2325,392,91,301
45035,3,5,South Carolina,Dorchester County,5,101158,49523,51635,6456,3251,3205,14661,7544,7117,6901,3641,3260,8958,4513,4445,76603,36952,39651,73140,35087,38053,44806,22372,22434,9536,3879,5657,963,244,719
45037,3,5,South Carolina,Edgefield County,5,24721,13148,11573,1482,783,699,2911,1517,1394,1426,725,701,2542,1545,997,19604,10503,9101,18902,10123,8779,11187,6458,4729,2675,1090,1585,323,82,241
45039,3,5,South Carolina,Fairfield County,5,23880,11404,12476,1625,842,783,3143,1559,1584,1376,662,714,2125,1045,1080,18434,8664,9770,17736,8341,9395,9511,4521,4990,3111,1282,1829,369,109,260
45041,3,5,South Carolina,Florence County,5,127114,59715,67399,8702,4481,4221,16089,8142,7947,7518,3816,3702,12650,6147,6503,98571,45173,53398,94805,43276,51529,53590,25518,28072,15364,5797,9567,1902,429,1473
45043,3,5,South Carolina,Georgetown County,5,58069,27819,30250,3678,1907,1771,7034,3600,3434,3404,1685,1719,4810,2390,2420,45603,21445,24158,43953,20627,23326,21840,10575,11265,9199,4076,5123,801,252,549
45045,3,5,South Carolina,Greenville County,5,390843,190541,200302,26483,13446,13037,48621,24877,23744,20658,10626,10032,36927,18543,18384,305428,146927,158501,295081,141592,153489,170906,85827,85079,45968,18410,27558,5437,1513,3924
45047,3,5,South Carolina,Greenwood County,5,67185,31580,35605,4663,2379,2284,8621,4330,4291,3581,1755,1826,7100,3365,3735,52088,23978,28110,50320,23116,27204,28221,13416,14805,9236,3622,5614,1200,327,873
45049,3,5,South Carolina,Hampton County,5,21221,10759,10462,1453,737,716,2902,1449,1453,1316,668,648,1981,1049,932,16184,8236,7948,15550,7905,7645,8914,4879,4035,2618,1028,1590,322,106,216
45051,3,5,South Carolina,Horry County,5,205808,101109,104699,12215,6306,5909,22026,11262,10764,9701,4994,4707,18922,9604,9318,166695,81004,85691,161866,78547,83319,85852,43591,42261,31732,14159,17573,2505,820,1685
45053,3,5,South Carolina,Jasper County,5,20951,11033,9918,1434,755,679,2858,1472,1386,1154,609,545,2284,1350,934,16055,8487,7568,15505,8197,7308,9342,5307,4035,2312,998,1314,305,111,194
45055,3,5,South Carolina,Kershaw County,5,53740,25933,27807,3574,1837,1737,6962,3551,3411,3205,1629,1576,4500,2286,2214,41624,19751,21873,39999,18916,21083,21573,10559,11014,6907,2823,4084,740,211,529
45057,3,5,South Carolina,Lancaster County,5,62211,30879,31332,4169,2121,2048,7981,4204,3777,3422,1750,1672,5591,2993,2598,48310,23649,24661,46639,22804,23835,26158,13599,12559,7570,2961,4609,845,194,651
45059,3,5,South Carolina,Laurens County,5,70065,33961,36104,4382,2247,2135,8889,4586,4303,3984,2016,1968,6830,3543,3287,54733,26102,28631,52810,25112,27698,29123,14517,14606,9112,3567,5545,1121,275,846
45061,3,5,South Carolina,Lee County,5,20266,10216,10050,1347,691,656,2525,1282,1243,1173,588,585,2181,1201,980,15845,7985,7860,15221,7655,7566,8843,4793,4050,2457,940,1517,312,89,223
45063,3,5,South Carolina,Lexington County,5,222629,108296,114333,15037,7772,7265,29036,14922,14114,12806,6394,6412,19054,9561,9493,172074,82299,89775,165750,79208,86542,95397,46866,48531,23524,9632,13892,2654,695,1959
45065,3,5,South Carolina,McCormick County,5,10209,5435,4774,455,237,218,919,463,456,549,300,249,919,559,360,8548,4575,3973,8286,4435,3851,4079,2442,1637,1793,809,984,162,45,117
45067,3,5,South Carolina,Marion County,5,35095,16243,18852,2471,1335,1136,4698,2402,2296,2202,1061,1141,3540,1726,1814,26824,11956,14868,25724,11445,14279,14103,6607,7496,4349,1582,2767,508,143,365
45069,3,5,South Carolina,Marlboro County,5,28613,14078,14535,2017,1070,947,3596,1814,1782,1747,902,845,2758,1505,1253,22196,10789,11407,21253,10292,10961,12287,6512,5775,3478,1269,2209,452,106,346
45071,3,5,South Carolina,Newberry County,5,36771,17827,18944,2439,1243,1196,4369,2240,2129,1958,1022,936,3831,1949,1882,29011,13848,15163,28005,13322,14683,15088,7564,7524,5290,2078,3212,734,187,547
45073,3,5,South Carolina,Oconee County,5,67893,33362,34531,3909,1987,1922,7831,4074,3757,3474,1837,1637,5555,2820,2735,54414,26390,28024,52679,25464,27215,26134,13178,12956,11018,4848,6170,951,261,690
45075,3,5,South Carolina,Orangeburg County,5,91315,42414,48901,6185,3180,3005,11511,5874,5637,5368,2657,2711,11244,5215,6029,70993,32082,38911,68251,30703,37548,38145,17753,20392,12284,4850,7434,1490,345,1145
45077,3,5,South Carolina,Pickens County,5,112056,55988,56068,6626,3447,3179,12579,6373,6206,5422,2751,2671,18176,9548,8628,90104,44754,45350,87429,43417,44012,53217,27530,25687,13179,5557,7622,1717,508,1209
45079,3,5,South Carolina,Richland County,5,328471,158481,169990,21550,10971,10579,39514,20003,19511,18151,9526,8625,44131,22224,21907,258452,122889,135563,249256,117981,131275,159417,78803,80614,31873,12510,19363,3597,974,2623
45081,3,5,South Carolina,Saluda County,5,19086,9505,9581,1233,629,604,2354,1206,1148,1021,537,484,1897,1033,864,15010,7416,7594,14478,7133,7345,7770,4036,3734,2723,1129,1594,349,81,268
45083,3,5,South Carolina,Spartanburg County,5,259029,125951,133078,16804,8659,8145,32807,16894,15913,13903,6979,6924,24340,12065,12275,202387,96903,105484,195515,93419,102096,109659,54871,54788,32435,12855,19580,3900,993,2907
45085,3,5,South Carolina,Sumter County,5,105202,50790,54412,8277,4238,4039,14650,7441,7209,6495,3313,3182,11221,5768,5453,78975,37434,41541,75780,35798,39982,45407,22567,22840,12332,4789,7543,1390,351,1039
45087,3,5,South Carolina,Union County,5,29297,13740,15557,1801,888,913,3494,1739,1755,1594,813,781,2396,1176,1220,23144,10672,12472,22408,10300,12108,11297,5493,5804,4700,1819,2881,560,149,411
45089,3,5,South Carolina,Williamsburg County,5,36421,17005,19416,2590,1325,1265,5050,2623,2427,2430,1227,1203,3483,1729,1754,27594,12469,15125,26351,11830,14521,14143,6689,7454,4822,1789,3033,569,145,424
45091,3,5,South Carolina,York County,5,173766,84366,89400,11478,5886,5592,22978,11780,11198,10337,5355,4982,17353,8074,9279,134036,63941,70095,128973,61345,67628,77091,37584,39507,18130,7386,10744,1951,527,1424
45001,3,5,South Carolina,Abbeville County,6,26381,12688,13693,1668,861,807,3241,1674,1567,1496,758,738,2762,1333,1429,20698,9776,10922,19976,9395,10581,10505,5080,5425,3809,1562,2247,535,136,399
45003,3,5,South Carolina,Aiken County,6,146736,70795,75941,9315,4801,4514,18828,9674,9154,8716,4421,4295,13881,6888,6993,114157,54116,60041,109877,51899,57978,59968,29299,30669,19589,8071,11518,2132,642,1490
45005,3,5,South Carolina,Allendale County,6,10934,5751,5183,816,464,352,1404,740,664,624,334,290,1169,688,481,8390,4368,4022,8090,4213,3877,4513,2616,1897,1380,531,849,204,42,162
45007,3,5,South Carolina,Anderson County,6,171510,82959,88551,11115,5736,5379,21244,10884,10360,9294,4737,4557,15022,7456,7566,134396,63883,70513,129857,61602,68255,69454,34284,35170,23489,9607,13882,2600,732,1868
45009,3,5,South Carolina,Bamberg County,6,16040,7540,8500,1122,600,522,1895,973,922,947,471,476,2146,1049,1097,12550,5748,6802,12076,5496,6580,6521,3141,3380,2248,875,1373,279,82,197
45011,3,5,South Carolina,Barnwell County,6,23369,11203,12166,1630,834,796,3138,1697,1441,1552,775,777,2168,1102,1066,17786,8261,9525,17049,7897,9152,9410,4537,4873,2976,1150,1826,349,78,271
45013,3,5,South Carolina,Beaufort County,6,132889,67726,65163,9389,4718,4671,15384,7831,7553,6653,3396,3257,16233,10333,5900,104723,53475,51248,101463,51781,49682,56500,31101,25399,21731,10169,11562,2101,811,1290
45015,3,5,South Carolina,Berkeley County,6,146449,74104,72345,10679,5402,5277,19702,10123,9579,9460,4820,4640,17493,10415,7078,111305,56190,55115,106608,53759,52849,67104,35444,31660,13102,5728,7374,1116,316,800
45017,3,5,South Carolina,Calhoun County,6,15367,7293,8074,928,453,475,1884,972,912,853,428,425,1300,640,660,12132,5668,6464,11702,5440,6262,5804,2775,3029,2111,875,1236,266,81,185
45019,3,5,South Carolina,Charleston County,6,321014,155404,165610,22488,11490,10998,36912,18919,17993,16978,8657,8321,35809,18302,17507,253028,120588,132440,244636,116338,128298,143776,71649,72127,38061,15527,22534,4505,1363,3142
45021,3,5,South Carolina,Cherokee County,6,53555,25940,27615,3846,1964,1882,6894,3523,3371,3018,1519,1499,4891,2407,2484,41182,19636,21546,39797,18934,20863,22162,11003,11159,6553,2545,4008,855,184,671
45023,3,5,South Carolina,Chester County,6,33906,16346,17560,2450,1287,1163,4464,2321,2143,2070,1059,1011,3003,1528,1475,25915,12178,13737,24922,11679,13243,13424,6561,6863,4264,1665,2599,541,119,422
45025,3,5,South Carolina,Chesterfield County,6,43251,20851,22400,2948,1400,1548,5755,2944,2811,2616,1307,1309,3820,1959,1861,33199,15829,17370,31932,15200,16732,17654,8802,8852,5226,2079,3147,602,154,448
45027,3,5,South Carolina,Clarendon County,6,32871,16239,16632,2118,1074,1044,3888,1954,1934,2094,1064,1030,3888,2390,1498,25840,12705,13135,24771,12147,12624,13209,6996,6213,4639,1965,2674,493,126,367
45029,3,5,South Carolina,Colleton County,6,39173,18798,20375,2852,1451,1401,5170,2643,2527,2433,1235,1198,3652,1785,1867,29939,14083,15856,28718,13469,15249,15336,7422,7914,5075,2143,2932,644,186,458
45031,3,5,South Carolina,Darlington County,6,67956,32208,35748,4619,2362,2257,9054,4653,4401,3839,1992,1847,6142,3046,3096,52268,24147,28121,50444,23201,27243,26960,12933,14027,8416,3290,5126,931,223,708
45033,3,5,South Carolina,Dillon County,6,31027,14461,16566,2430,1173,1257,4348,2214,2134,2021,1043,978,3104,1525,1579,23193,10524,12669,22228,10031,12197,12703,6049,6654,3583,1285,2298,398,77,321
45035,3,5,South Carolina,Dorchester County,6,104168,51044,53124,6392,3175,3217,14535,7449,7086,7232,3769,3463,9867,5081,4786,79524,38494,41030,76009,36651,39358,46298,23162,23136,9946,4104,5842,1006,270,736
45037,3,5,South Carolina,Edgefield County,6,24703,13153,11550,1440,775,665,2879,1500,1379,1415,724,691,2623,1591,1032,19686,10522,9164,18969,10154,8815,11123,6408,4715,2654,1082,1572,344,94,250
45039,3,5,South Carolina,Fairfield County,6,23840,11358,12482,1685,866,819,3036,1498,1538,1379,673,706,2122,1052,1070,18417,8636,9781,17740,8321,9419,9307,4416,4891,3138,1291,1847,409,120,289
45041,3,5,South Carolina,Florence County,6,128335,60406,67929,8982,4681,4301,15855,8087,7768,7578,3794,3784,13013,6394,6619,99662,45754,53908,95920,43844,52076,53657,25648,28009,15568,5864,9704,1926,420,1506
45043,3,5,South Carolina,Georgetown County,6,58924,28253,30671,3739,1931,1808,6945,3581,3364,3484,1740,1744,4968,2447,2521,46472,21835,24637,44756,21001,23755,22025,10688,11337,9619,4273,5346,909,288,621
45045,3,5,South Carolina,Greenville County,6,395357,193186,202171,26780,13531,13249,48732,24956,23776,21129,10847,10282,37324,18958,18366,309164,149228,159936,298716,143852,154864,170640,86026,84614,46683,18895,27788,5668,1640,4028
45047,3,5,South Carolina,Greenwood County,6,67503,31774,35729,4708,2423,2285,8535,4284,4251,3717,1808,1909,6993,3328,3665,52357,24137,28220,50543,23259,27284,28072,13392,14680,9294,3647,5647,1249,340,909
45049,3,5,South Carolina,Hampton County,6,21391,10837,10554,1477,758,719,2844,1423,1421,1375,693,682,2077,1085,992,16352,8305,8047,15695,7963,7732,8998,4936,4062,2631,1026,1605,348,113,235
45051,3,5,South Carolina,Horry County,6,210757,103691,107066,12762,6532,6230,22298,11457,10841,9964,5124,4840,19028,9748,9280,170658,83116,87542,165733,80578,85155,87420,44600,42820,32894,14667,18227,2737,959,1778
45053,3,5,South Carolina,Jasper County,6,20998,11086,9912,1415,716,699,2807,1486,1321,1223,628,595,2242,1316,926,16161,8583,7578,15553,8256,7297,9340,5339,4001,2312,1013,1299,307,109,198
45055,3,5,South Carolina,Kershaw County,6,54481,26263,28218,3612,1838,1774,6856,3496,3360,3248,1664,1584,4883,2474,2409,42318,20042,22276,40765,19265,21500,21815,10708,11107,6920,2783,4137,726,199,527
45057,3,5,South Carolina,Lancaster County,6,62520,31024,31496,4135,2078,2057,7846,4167,3679,3575,1814,1761,5698,3053,2645,48661,23843,24818,46964,22965,23999,26168,13628,12540,7645,2988,4657,896,212,684
45059,3,5,South Carolina,Laurens County,6,70269,34131,36138,4276,2189,2087,8770,4521,4249,4108,2084,2024,6926,3597,3329,55064,26334,28730,53115,25337,27778,29201,14578,14623,9142,3578,5564,1093,275,818
45061,3,5,South Carolina,Lee County,6,20331,10264,10067,1349,703,646,2480,1265,1215,1164,560,604,2250,1271,979,15929,8016,7913,15338,7736,7602,8782,4788,3994,2428,906,1522,327,89,238
45063,3,5,South Carolina,Lexington County,6,226528,110432,116096,15094,7808,7286,29102,14956,14146,13102,6589,6513,19763,9930,9833,175633,84282,91351,169230,81079,88151,96241,47464,48777,24148,9970,14178,2741,726,2015
45065,3,5,South Carolina,McCormick County,6,10233,5456,4777,458,240,218,896,451,445,544,298,246,933,582,351,8609,4612,3997,8335,4467,3868,4101,2478,1623,1857,834,1023,170,51,119
45067,3,5,South Carolina,Marion County,6,35113,16312,18801,2517,1349,1168,4652,2393,2259,2117,1049,1068,3582,1756,1826,26877,12022,14855,25827,11521,14306,14021,6598,7423,4356,1612,2744,535,159,376
45069,3,5,South Carolina,Marlboro County,6,28411,13925,14486,2057,1084,973,3568,1827,1741,1690,831,859,2790,1542,1248,21985,10638,11347,21096,10183,10913,11992,6348,5644,3454,1242,2212,459,113,346
45071,3,5,South Carolina,Newberry County,6,36840,17941,18899,2391,1222,1169,4335,2235,2100,1938,1016,922,3888,1991,1897,29118,13965,15153,28176,13468,14708,15097,7613,7484,5269,2087,3182,764,187,577
45073,3,5,South Carolina,Oconee County,6,68523,33695,34828,3898,1990,1908,7803,4036,3767,3495,1838,1657,5673,2898,2775,55018,26704,28314,53327,25831,27496,26097,13208,12889,11376,5023,6353,1031,298,733
45075,3,5,South Carolina,Orangeburg County,6,91028,42275,48753,6296,3174,3122,11232,5771,5461,5273,2590,2683,11201,5235,5966,70861,32024,38837,68227,30740,37487,37628,17526,20102,12352,4909,7443,1551,390,1161
45077,3,5,South Carolina,Pickens County,6,112859,56503,56356,6595,3418,3177,12462,6339,6123,5592,2829,2763,17126,8985,8141,90883,45250,45633,88210,43917,44293,53258,27633,25625,13465,5650,7815,1830,542,1288
45079,3,5,South Carolina,Richland County,6,332104,160373,171731,22097,11271,10826,39493,19935,19558,18623,9794,8829,43612,22099,21513,261288,124356,136932,251891,119373,132518,159362,78949,80413,32124,12597,19527,3669,994,2675
45081,3,5,South Carolina,Saluda County,6,19087,9526,9561,1249,621,628,2325,1184,1141,1003,538,465,1938,1061,877,15019,7457,7562,14510,7183,7327,7729,4048,3681,2707,1120,1587,351,74,277
45083,3,5,South Carolina,Spartanburg County,6,261281,127189,134092,16704,8534,8170,32795,16987,15808,14329,7152,7177,24661,12284,12377,204477,98034,106443,197453,94516,102937,109839,54973,54866,32818,13056,19762,4080,1071,3009
45085,3,5,South Carolina,Sumter County,6,105958,51116,54842,8486,4328,4158,14578,7441,7137,6565,3316,3249,11256,5796,5460,79582,37684,41898,76329,36031,40298,45096,22487,22609,12586,4858,7728,1454,365,1089
45087,3,5,South Carolina,Union County,6,29105,13610,15495,1787,838,949,3429,1723,1706,1609,815,794,2380,1173,1207,23021,10603,12418,22280,10234,12046,11071,5357,5714,4711,1803,2908,610,175,435
45089,3,5,South Carolina,Williamsburg County,6,36008,16864,19144,2624,1368,1256,4867,2513,2354,2364,1206,1158,3513,1776,1737,27370,12397,14973,26153,11777,14376,13716,6475,7241,4778,1802,2976,567,162,405
45091,3,5,South Carolina,York County,6,178070,86600,91470,11695,5954,5741,23053,11838,11215,10679,5520,5159,18041,8545,9496,137815,65988,71827,132643,63288,69355,78667,38483,40184,18606,7589,11017,2019,538,1481
