testfiles/govdocs/434/434868.txt
* Sea-Bird SBE 9 Raw Data File:
* FileName = C:\CRUISE\OC320\CAST25.DAT
* Software Version 4.222
* Temperature SN = 2265
* Conductivity SN = 1859
* Number of Bytes Per Scan = 27
* Number of Voltage Words = 5
* System UpLoad Time = Apr 02 1998 15:49:26
* NMEA Latitude = 43 41.32 N
* NMEA Longitude = 069 50.39 W
* NMEA UTC (Time) = 20:51:26
** R/V OCEANUS cst25
** OC320  
** Station # cast25
** Casco survey, spring 1998
# nquan = 10
# nvalues = 14333                       
# units = metric
# name 0 = pr: pressure [db]
# name 1 = t068: temperature, IPTS-68 [deg C]
# name 2 = c0mS/cm: conductivity [mS/cm]
# name 3 = v1: voltage, number  1 [V]
# name 4 = v2: voltage, number  2 [V]
# name 5 = v4: voltage, number  4 [V]
# name 6 = v6: voltage, number  6 [V]
# name 7 = scan: scan number
# name 8 = timeS: time [s]
# name 9 = flag:  0.000e+00
# span 0 = 0.664, 26.356                          
# span 1 = 2.9434, 5.3384                         
# span 2 = -3.925201, 28.438518                   
# span 3 = 0.079, 1.454                           
# span 4 = 0.006, 4.349                           
# span 5 = 0.000, 1.460                           
# span 6 = 0.000, 2.106                           
# span 7 = 1, 14333                               
# span 8 = 0.000, 597.167                         
# span 9 = 0.000e+00, 0.000e+00                   
# interval = seconds: 0.0416667                   
# start_time = Apr 02 1998 15:49:26
# bad_flag = -9.990e-29
*END*
[from data line 12829]
      3.458     4.0786  26.364596      0.897      3.587      0.632      1.487      12830    534.542  0.000e+00
      3.458     4.0789  26.414125      0.890      3.590      0.632      1.488      12831    534.583  0.000e+00
      3.474     4.0799  26.456677      0.882      3.591      0.635      1.490      12832    534.625  0.000e+00
      3.395     4.0807  26.478876      0.874      3.591      0.636      1.491      12833    534.667  0.000e+00
      3.458     4.0810  26.491123      0.867      3.591      0.637      1.492      12834    534.708  0.000e+00
      3.395     4.0810  26.500217      0.862      3.590      0.639      1.492      12835    534.750  0.000e+00
      3.411     4.0819  26.473217      0.857      3.592      0.640      1.493      12836    534.792  0.000e+00
      3.458     4.0821  26.444375      0.855      3.592      0.640      1.495      12837    534.833  0.000e+00
      3.395     4.0821  26.435474      0.852      3.585      0.640      1.495      12838    534.875  0.000e+00
      3.395     4.0807  26.401770      0.851      3.579      0.640      1.495      12839    534.917  0.000e+00
      3.411     4.0783  26.349998      0.851      3.575      0.640      1.496      12840    534.958  0.000e+00
      3.395     4.0756  26.301386      0.853      3.575      0.639      1.497      12841    535.000  0.000e+00
      3.395     4.0745  26.270715      0.857      3.575      0.639      1.497      12842    535.042  0.000e+00
      3.395     4.0734  26.236918      0.862      3.576      0.639      1.497      12843    535.083  0.000e+00
      3.356     4.0729  26.200030      0.867      3.579      0.640      1.499      12844    535.125  0.000e+00
      3.395     4.0727  26.157168      0.873      3.581      0.640      1.499      12845    535.167  0.000e+00
      3.395     4.0711  26.126909      0.882      3.580      0.640      1.501      12846    535.208  0.000e+00
      3.340     4.0700  26.120176      0.891      3.574      0.639      1.502      12847    535.250  0.000e+00
      3.411     4.0688  26.118393      0.901      3.568      0.637      1.502      12848    535.292  0.000e+00
      3.340     4.0684  26.112307      0.912      3.563      0.636      1.502      12849    535.333  0.000e+00
      3.395     4.0681  26.095221      0.923      3.558      0.636      1.503      12850    535.375  0.000e+00
      3.340     4.0679  26.071504      0.930      3.549      0.636      1.503      12851    535.417  0.000e+00
      3.356     4.0673  26.051082      0.933      3.540      0.637      1.503      12852    535.458  0.000e+00
      3.395     4.0671  26.032693      0.932      3.535      0.637      1.503      12853    535.500  0.000e+00
      3.340     4.0671  26.016672      0.929      3.532      0.639      1.503      12854    535.542  0.000e+00
      3.356     4.0671  26.003018      0.926      3.531      0.641      1.504      12855    535.583  0.000e+00
      3.340     4.0671  25.989459      0.922      3.531      0.642      1.504      12856    535.625  0.000e+00
      3.340     4.0672  25.976455      0.921      3.530      0.643      1.505      12857    535.667  0.000e+00
      3.340     4.0673  25.964528      0.923      3.531      0.645      1.504      12858    535.708  0.000e+00
      3.356     4.0674  25.956710      0.927      3.532      0.645      1.505      12859    535.750  0.000e+00
      3.277     4.0673  25.951039      0.932      3.534      0.645      1.505      12860    535.792  0.000e+00
      3.395     4.0673  25.947299      0.937      3.534      0.645      1.505      12861    535.833  0.000e+00
      3.340     4.0668  25.946656      0.939      3.530      0.645      1.504      12862    535.875  0.000e+00
      3.293     4.0668  25.945521      0.937      3.525      0.645      1.505      12863    535.917  0.000e+00
      3.340     4.0664  25.944449      0.933      3.524      0.642      1.504      12864    535.958  0.000e+00
      3.340     4.0664  25.946410      0.928      3.523      0.641      1.504      12865    536.000  0.000e+00
      3.340     4.0662  25.950273      0.922      3.524      0.641      1.504      12866    536.042  0.000e+00
      3.356     4.0660  25.957108      0.916      3.521      0.639      1.504      12867    536.083  0.000e+00
      3.340     4.0658  25.968115      0.911      3.515      0.637      1.504      12868    536.125  0.000e+00
      3.340     4.0653  25.977744      0.905      3.514      0.636      1.505      12869    536.167  0.000e+00
      3.340     4.0654  25.985840      0.901      3.515      0.635      1.505      12870    536.208  0.000e+00
      3.356     4.0658  25.994643      0.896      3.515      0.635      1.505      12871    536.250  0.000e+00
      3.340     4.0655  25.999858      0.893      3.512      0.635      1.504      12872    536.292  0.000e+00
      3.340     4.0655  26.001239      0.888      3.512      0.634      1.504      12873    536.333  0.000e+00
      3.175     4.0654  26.003355      0.882      3.510      0.634      1.504      12874    536.375  0.000e+00
      3.513     4.0658  26.005964      0.875      3.513      0.632      1.504      12875    536.417  0.000e+00
      3.340     4.0657  26.005933      0.868      3.515      0.632      1.503      12876    536.458  0.000e+00
      3.340     4.0655  26.002190      0.861      3.514      0.632      1.503      12877    536.500  0.000e+00
      3.356     4.0657  25.997619      0.855      3.512      0.632      1.503      12878    536.542  0.000e+00
      3.340     4.0654  25.994398      0.850      3.509      0.632      1.503      12879    536.583  0.000e+00
      3.395     4.0655  25.989828      0.845      3.508      0.632      1.503      12880    536.625  0.000e+00
      3.340     4.0652  25.980074      0.841      3.510      0.632      1.503      12881    536.667  0.000e+00
      3.356     4.0647  25.971427      0.839      3.515      0.634      1.503      12882    536.708  0.000e+00
      3.395     4.0647  25.967011      0.836      3.518      0.635      1.503      12883    536.750  0.000e+00
      3.340     4.0644  25.964436      0.833      3.519      0.634      1.502      12884    536.792  0.000e+00
      3.395     4.0638  25.958427      0.830      3.518      0.634      1.502      12885    536.833  0.000e+00
      3.356     4.0633  25.947943      0.825      3.516      0.632      1.502      12886    536.875  0.000e+00
      3.395     4.0629  25.935837      0.822      3.513      0.632      1.502      12887    536.917  0.000e+00
      3.340     4.0624  25.925388      0.818      3.509      0.631      1.503      12888    536.958  0.000e+00
      3.395     4.0620  25.917147      0.816      3.508      0.630      1.502      12889    537.000  0.000e+00
      3.411     4.0615  25.910714      0.814      3.508      0.628      1.502      12890    537.042  0.000e+00
      3.395     4.0615  25.908080      0.814      3.507      0.625      1.502      12891    537.083  0.000e+00
      3.340     4.0614  25.911296      0.816      3.504      0.621      1.502      12892    537.125  0.000e+00
      3.395     4.0621  25.919843      0.817      3.502      0.620      1.501      12893    537.167  0.000e+00
      3.474     4.0633  25.929341      0.818      3.503      0.618      1.499      12894    537.208  0.000e+00
      3.395     4.0638  25.935439      0.823      3.504      0.615      1.499      12895    537.250  0.000e+00
      3.395     4.0642  25.935929      0.832      3.503      0.611      1.498      12896    537.292  0.000e+00
      3.411     4.0643  25.929586      0.841      3.502      0.609      1.497      12897    537.333  0.000e+00
      3.395     4.0640  25.916595      0.851      3.499      0.607      1.497      12898    537.375  0.000e+00
      3.458     4.0638  25.895920      0.862      3.497      0.607      1.496      12899    537.417  0.000e+00
      3.395     4.0629  25.896472      0.873      3.496      0.606      1.495      12900    537.458  0.000e+00
      3.474     4.0629  25.945951      0.883      3.496      0.604      1.493      12901    537.500  0.000e+00
      3.395     4.0654  25.983019      0.893      3.497      0.603      1.492      12902    537.542  0.000e+00
      3.458     4.0653  25.973420      0.901      3.498      0.602      1.491      12903    537.583  0.000e+00
      3.458     4.0662  25.947483      0.911      3.498      0.602      1.490      12904    537.625  0.000e+00
      3.474     4.0668  25.933018      0.917      3.497      0.601      1.488      12905    537.667  0.000e+00
      3.458     4.0662  25.924837      0.921      3.495      0.600      1.487      12906    537.708  0.000e+00
      3.513     4.0669  25.924285      0.922      3.493      0.597      1.486      12907    537.750  0.000e+00
      3.458     4.0669  25.940924      0.919      3.491      0.593      1.485      12908    537.792  0.000e+00
      3.474     4.0664  25.976548      0.916      3.491      0.591      1.485      12909    537.833  0.000e+00
      3.513     4.0679  26.066099      0.911      3.492      0.589      1.482      12910    537.875  0.000e+00
      3.458     4.0721  26.165074      0.908      3.490      0.585      1.482      12911    537.917  0.000e+00
      3.513     4.0754  26.244680      0.911      3.487      0.582      1.480      12912    537.958  0.000e+00
      3.529     4.0776  26.309156      0.916      3.485      0.579      1.480      12913    538.000  0.000e+00
      3.458     4.0781  26.328648      0.921      3.484      0.576      1.477      12914    538.042  0.000e+00
      3.568     4.0781  26.306936      0.928      3.485      0.576      1.477      12915    538.083  0.000e+00
      3.513     4.0775  26.283382      0.935      3.488      0.574      1.476      12916    538.125  0.000e+00
      3.474     4.0781  26.298796      0.940      3.488      0.574      1.475      12917    538.167  0.000e+00
      3.568     4.0800  26.350801      0.943      3.488      0.573      1.475      12918    538.208  0.000e+00
      3.513     4.0805  26.385805      0.941      3.487      0.571      1.474      12919    538.250  0.000e+00
      3.513     4.0796  26.438534      0.940      3.487      0.570      1.473      12920    538.292  0.000e+00
      3.529     4.0805  26.491495      0.940      3.487      0.569      1.471      12921    538.333  0.000e+00
      3.568     4.0805  26.494650      0.939      3.487      0.568      1.471      12922    538.375  0.000e+00
      3.513     4.0799  26.476557      0.939      3.488      0.567      1.470      12923    538.417  0.000e+00
      3.474     4.0797  26.459923      0.940      3.490      0.565      1.470      12924    538.458  0.000e+00
      3.631     4.0799  26.431519      0.940      3.486      0.564      1.469      12925    538.500  0.000e+00
      3.513     4.0796  26.394667      0.943      3.482      0.564      1.468      12926    538.542  0.000e+00
      3.568     4.0793  26.369720      0.944      3.484      0.564      1.468      12927    538.583  0.000e+00
      3.529     4.0789  26.366479      0.944      3.486      0.563      1.468      12928    538.625  0.000e+00
      3.513     4.0791  26.406557      0.941      3.487      0.563      1.466      12929    538.667  0.000e+00
      3.568     4.0802  26.467003      0.939      3.491      0.560      1.466      12930    538.708  0.000e+00
      3.513     4.0809  26.510365      0.935      3.497      0.560      1.465      12931    538.750  0.000e+00
      3.529     4.0815  26.539054      0.930      3.505      0.559      1.465      12932    538.792  0.000e+00
      3.568     4.0815  26.555307      0.926      3.514      0.558      1.465      12933    538.833  0.000e+00
      3.513     4.0818  26.572494      0.919      3.519      0.557      1.465      12934    538.875  0.000e+00
      3.513     4.0828  26.590585      0.912      3.530      0.556      1.464      12935    538.917  0.000e+00
      3.529     4.0841  26.620923      0.905      3.546      0.556      1.464      12936    538.958  0.000e+00
      3.568     4.0851  26.656766      0.896      3.560      0.557      1.465      12937    539.000  0.000e+00
      3.513     4.0848  26.678170      0.890      3.575      0.557      1.465      12938    539.042  0.000e+00
      3.513     4.0847  26.686951      0.886      3.584      0.558      1.465      12939    539.083  0.000e+00
      3.529     4.0850  26.688037      0.886      3.590      0.559      1.465      12940    539.125  0.000e+00
      3.513     4.0849  26.681365      0.889      3.593      0.559      1.466      12941    539.167  0.000e+00
      3.568     4.0848  26.651090      0.891      3.590      0.562      1.468      12942    539.208  0.000e+00
      3.458     4.0844  26.602544      0.895      3.584      0.563      1.469      12943    539.250  0.000e+00
      3.529     4.0826  26.516646      0.896      3.581      0.565      1.470      12944    539.292  0.000e+00
      3.513     4.0807  26.421725      0.895      3.580      0.567      1.471      12945    539.333  0.000e+00
      3.513     4.0789  26.363269      0.891      3.573      0.569      1.473      12946    539.375  0.000e+00
      3.513     4.0778  26.317545      0.885      3.565      0.571      1.474      12947    539.417  0.000e+00
      3.529     4.0767  26.273242      0.879      3.560      0.575      1.475      12948    539.458  0.000e+00
      3.513     4.0764  26.250594      0.873      3.554      0.578      1.476      12949    539.500  0.000e+00
      3.513     4.0765  26.280670      0.867      3.554      0.579      1.477      12950    539.542  0.000e+00
      3.458     4.0776  26.316558      0.858      3.560      0.582      1.480      12951    539.583  0.000e+00
      3.529     4.0778  26.315263      0.851      3.571      0.584      1.480      12952    539.625  0.000e+00
      3.513     4.0776  26.301818      0.842      3.582      0.586      1.481      12953    539.667  0.000e+00
      3.458     4.0770  26.289825      0.835      3.590      0.589      1.482      12954    539.708  0.000e+00
      3.529     4.0780  26.301972      0.829      3.597      0.591      1.484      12955    539.750  0.000e+00
      3.458     4.0788  26.327908      0.824      3.604      0.592      1.484      12956    539.792  0.000e+00
      3.513     4.0791  26.343519      0.821      3.609      0.593      1.485      12957    539.833  0.000e+00
      3.458     4.0788  26.349196      0.817      3.609      0.593      1.486      12958    539.875  0.000e+00
      3.474     4.0788  26.353177      0.814      3.607      0.595      1.487      12959    539.917  0.000e+00
      3.513     4.0789  26.384323      0.813      3.606      0.595      1.487      12960    539.958  0.000e+00
      3.458     4.0810  26.424227      0.814      3.604      0.595      1.488      12961    540.000  0.000e+00
      3.458     4.0823  26.458439      0.818      3.606      0.593      1.490      12962    540.042  0.000e+00
      3.474     4.0823  26.488463      0.823      3.604      0.592      1.491      12963    540.083  0.000e+00
      3.458     4.0821  26.513800      0.828      3.598      0.591      1.492      12964    540.125  0.000e+00
      3.458     4.0823  26.519493      0.834      3.592      0.592      1.492      12965    540.167  0.000e+00
      3.458     4.0815  26.502476      0.841      3.587      0.592      1.493      12966    540.208  0.000e+00
      3.474     4.0807  26.487443      0.851      3.586      0.591      1.495      12967    540.250  0.000e+00
      3.458     4.0805  26.473310      0.861      3.586      0.592      1.495      12968    540.292  0.000e+00
      3.458     4.0800  26.461036      0.872      3.585      0.592      1.496      12969    540.333  0.000e+00
      3.458     4.0796  26.451669      0.884      3.580      0.593      1.497      12970    540.375  0.000e+00
      3.474     4.0791  26.444375      0.895      3.579      0.593      1.497      12971    540.417  0.000e+00
      3.458     4.0788  26.436463      0.904      3.579      0.595      1.498      12972    540.458  0.000e+00
