testfiles/govdocs/434/434868.txt
* Sea-Bird SBE 9 Raw Data File:
* FileName = C:\CRUISE\OC320\CAST25.DAT
* Software Version 4.222
* Temperature SN = 2265
* Conductivity SN = 1859
* Number of Bytes Per Scan = 27
* Number of Voltage Words = 5
* System UpLoad Time = Apr 02 1998 15:49:26
* NMEA Latitude = 43 41.32 N
* NMEA Longitude = 069 50.39 W
* NMEA UTC (Time) = 20:51:26
** R/V OCEANUS cst25
** OC320  
** Station # cast25
** Casco survey, spring 1998
# nquan = 10
# nvalues = 14333                       
# units = metric
# name 0 = pr: pressure [db]
# name 1 = t068: temperature, IPTS-68 [deg C]
# name 2 = c0mS/cm: conductivity [mS/cm]
# name 3 = v1: voltage, number  1 [V]
# name 4 = v2: voltage, number  2 [V]
# name 5 = v4: voltage, number  4 [V]
# name 6 = v6: voltage, number  6 [V]
# name 7 = scan: scan number
# name 8 = timeS: time [s]
# name 9 = flag:  0.000e+00
# span 0 = 0.664, 26.356                          
# span 1 = 2.9434, 5.3384                         
# span 2 = -3.925201, 28.438518                   
# span 3 = 0.079, 1.454                           
# span 4 = 0.006, 4.349                           
# span 5 = 0.000, 1.460                           
# span 6 = 0.000, 2.106                           
# span 7 = 1, 14333                               
# span 8 = 0.000, 597.167                         
# span 9 = 0.000e+00, 0.000e+00                   
# interval = seconds: 0.0416667                   
# start_time = Apr 02 1998 15:49:26
# bad_flag = -9.990e-29
*END*
[from data line 7928]
      3.567     4.1052  24.639250      0.998      2.415      0.190      1.382       7929    330.333  0.000e+00
      3.339     4.1058  24.708249      0.991      2.519      0.177      1.370       7930    330.375  0.000e+00
      3.339     4.1064  24.773938      0.987      2.574      0.166      1.360       7931    330.417  0.000e+00
      3.409     4.1071  24.837627      0.987      2.570      0.158      1.350       7932    330.458  0.000e+00
      3.339     4.1064  24.893289      0.987      2.510      0.149      1.342       7933    330.500  0.000e+00
      3.339     4.1052  24.950512      0.987      2.438      0.143      1.335       7934    330.542  0.000e+00
      3.394     4.1037  25.006254      0.989      2.388      0.139      1.326       7935    330.583  0.000e+00
      3.409     4.1037  25.062956      0.990      2.353      0.138      1.321       7936    330.625  0.000e+00
      3.339     4.1045  25.118564      0.991      2.310      0.138      1.316       7937    330.667  0.000e+00
      3.394     4.1050  25.166907      0.991      2.228      0.138      1.311       7938    330.708  0.000e+00
      3.394     4.1050  25.200822      0.991      2.045      0.140      1.309       7939    330.750  0.000e+00
      3.354     4.1058  25.223494      0.991      1.814      0.145      1.304       7940    330.792  0.000e+00
      3.394     4.1066  25.237755      0.991      1.675      0.150      1.304       7941    330.833  0.000e+00
      3.339     4.1077  25.256533      0.990      1.646      0.158      1.302       7942    330.875  0.000e+00
      3.339     4.1093  25.285015      0.989      1.680      0.164      1.299       7943    330.917  0.000e+00
      3.291     4.1116  25.312813      0.985      1.730      0.170      1.300       7944    330.958  0.000e+00
      3.276     4.1151  25.343264      0.983      1.762      0.176      1.299       7945    331.000  0.000e+00
      3.276     4.1186  25.374945      0.980      1.785      0.182      1.299       7946    331.042  0.000e+00
      3.339     4.1196  25.393039      0.982      1.877      0.187      1.297       7947    331.083  0.000e+00
      3.291     4.1174  25.402726      0.989      2.001      0.193      1.297       7948    331.125  0.000e+00
      3.276     4.1156  25.415907      0.998      2.094      0.197      1.297       7949    331.167  0.000e+00
      3.339     4.1152  25.431917      1.009      2.168      0.201      1.295       7950    331.208  0.000e+00
      3.291     4.1170  25.447141      1.022      2.234      0.206      1.294       7951    331.250  0.000e+00
      3.276     4.1202  25.468358      1.032      2.281      0.209      1.294       7952    331.292  0.000e+00
      3.276     4.1239  25.487241      1.037      2.310      0.212      1.292       7953    331.333  0.000e+00
      3.221     4.1306  25.494388      1.037      2.346      0.217      1.292       7954    331.375  0.000e+00
      3.236     4.1390  25.504091      1.034      2.370      0.222      1.289       7955    331.417  0.000e+00
      3.276     4.1471  25.519394      1.029      2.369      0.230      1.287       7956    331.458  0.000e+00
      3.166     4.1543  25.529193      1.024      2.353      0.237      1.284       7957    331.500  0.000e+00
      3.221     4.1595  25.535401      1.020      2.332      0.245      1.282       7958    331.542  0.000e+00
      3.236     4.1654  25.538688      1.016      2.311      0.255      1.282       7959    331.583  0.000e+00
      3.221     4.1721  25.536709      1.012      2.263      0.265      1.280       7960    331.625  0.000e+00
      3.166     4.1785  25.534304      1.010      2.189      0.275      1.280       7961    331.667  0.000e+00
      3.166     4.1829  25.533482      1.007      2.096      0.287      1.280       7962    331.708  0.000e+00
      3.173     4.1862  25.528886      1.004      1.996      0.298      1.282       7963    331.750  0.000e+00
      3.166     4.1881  25.523225      1.001      1.947      0.310      1.284       7964    331.792  0.000e+00
      3.103     4.1905  25.516439      0.996      1.946      0.324      1.287       7965    331.833  0.000e+00
      3.000     4.1931  25.498306      0.991      1.985      0.338      1.289       7966    331.875  0.000e+00
      3.276     4.1955  25.471241      0.987      2.066      0.355      1.294       7967    331.917  0.000e+00
      3.103     4.1970  25.444734      0.980      2.144      0.371      1.299       7968    331.958  0.000e+00
      3.103     4.1971  25.416599      0.976      2.134      0.385      1.304       7969    332.000  0.000e+00
      3.063     4.1972  25.380766      0.972      2.131      0.399      1.309       7970    332.042  0.000e+00
      3.048     4.1974  25.341618      0.968      2.201      0.413      1.316       7971    332.083  0.000e+00
      3.103     4.1987  25.296980      0.967      2.272      0.427      1.324       7972    332.125  0.000e+00
      2.985     4.2010  25.247044      0.962      2.313      0.442      1.331       7973    332.167  0.000e+00
      3.063     4.2047  25.197454      0.961      2.354      0.455      1.338       7974    332.208  0.000e+00
      3.048     4.2061  25.151323      0.962      2.409      0.466      1.346       7975    332.250  0.000e+00
      2.985     4.2055  25.103417      0.963      2.454      0.476      1.355       7976    332.292  0.000e+00
      3.048     4.2042  25.052803      0.967      2.479      0.486      1.365       7977    332.333  0.000e+00
      3.000     4.2053  25.003591      0.969      2.476      0.496      1.372       7978    332.375  0.000e+00
      2.985     4.2074  24.954963      0.973      2.440      0.504      1.382       7979    332.417  0.000e+00
      2.985     4.2080  24.907189      0.974      2.408      0.513      1.392       7980    332.458  0.000e+00
      2.945     4.2042  24.863637      0.976      2.393      0.521      1.399       7981    332.500  0.000e+00
      2.985     4.1997  24.820059      0.976      2.392      0.530      1.408       7982    332.542  0.000e+00
      2.930     4.1961  24.773539      0.974      2.403      0.541      1.415       7983    332.583  0.000e+00
      2.985     4.1931  24.728798      0.974      2.422      0.552      1.421       7984    332.625  0.000e+00
      2.945     4.1905  24.684482      0.972      2.429      0.562      1.429       7985    332.667  0.000e+00
      2.930     4.1886  24.638163      0.972      2.422      0.570      1.436       7986    332.708  0.000e+00
      2.930     4.1870  24.593528      0.972      2.402      0.576      1.444       7987    332.750  0.000e+00
      2.930     4.1856  24.556439      0.971      2.349      0.578      1.452       7988    332.792  0.000e+00
      3.000     4.1843  24.524220      0.969      2.298      0.578      1.458       7989    332.833  0.000e+00
      2.867     4.1824  24.492137      0.969      2.277      0.579      1.465       7990    332.875  0.000e+00
      2.930     4.1806  24.461866      0.968      2.281      0.580      1.473       7991    332.917  0.000e+00
      2.827     4.1790  24.433223      0.967      2.280      0.581      1.480       7992    332.958  0.000e+00
      3.048     4.1760  24.407133      0.963      2.265      0.582      1.485       7993    333.000  0.000e+00
      2.930     4.1731  24.384335      0.961      2.250      0.584      1.490       7994    333.042  0.000e+00
      2.930     4.1702  24.363903      0.958      2.225      0.586      1.492       7995    333.083  0.000e+00
      2.945     4.1676  24.343746      0.957      2.186      0.587      1.497       7996    333.125  0.000e+00
      2.930     4.1654  24.326040      0.960      2.166      0.587      1.499       7997    333.167  0.000e+00
      2.930     4.1644  24.309413      0.965      2.188      0.585      1.503       7998    333.208  0.000e+00
      2.985     4.1639  24.297437      0.971      2.243      0.581      1.503       7999    333.250  0.000e+00
      2.945     4.1644  24.289931      0.977      2.297      0.580      1.502       8000    333.292  0.000e+00
      2.985     4.1643  24.286744      0.984      2.339      0.575      1.499       8001    333.333  0.000e+00
      2.930     4.1651  24.287905      0.988      2.386      0.570      1.497       8002    333.375  0.000e+00
      2.985     4.1656  24.294696      0.988      2.432      0.563      1.492       8003    333.417  0.000e+00
      2.945     4.1657  24.307417      0.987      2.464      0.553      1.490       8004    333.458  0.000e+00
      2.985     4.1662  24.325057      0.987      2.457      0.542      1.486       8005    333.500  0.000e+00
      2.985     4.1665  24.345088      0.983      2.335      0.531      1.480       8006    333.542  0.000e+00
      3.000     4.1660  24.364708      0.979      2.147      0.519      1.473       8007    333.583  0.000e+00
      2.985     4.1617  24.384366      0.978      2.112      0.507      1.465       8008    333.625  0.000e+00
      2.985     4.1567  24.407253      0.977      2.222      0.493      1.460       8009    333.667  0.000e+00
      2.985     4.1541  24.437764      0.976      2.325      0.479      1.454       8010    333.708  0.000e+00
      3.000     4.1526  24.466918      0.974      2.385      0.465      1.448       8011    333.750  0.000e+00
      3.048     4.1490  24.485684      0.973      2.426      0.452      1.441       8012    333.792  0.000e+00
      3.048     4.1447  24.497521      0.971      2.471      0.440      1.436       8013    333.833  0.000e+00
      3.103     4.1396  24.508434      0.968      2.526      0.427      1.429       8014    333.875  0.000e+00
      3.063     4.1352  24.519917      0.965      2.568      0.416      1.424       8015    333.917  0.000e+00
      3.048     4.1311  24.533167      0.960      2.581      0.408      1.416       8016    333.958  0.000e+00
      3.103     4.1282  24.560604      0.955      2.612      0.400      1.409       8017    334.000  0.000e+00
      2.945     4.1245  24.597157      0.952      2.669      0.391      1.402       8018    334.042  0.000e+00
      3.276     4.1200  24.640027      0.950      2.725      0.381      1.397       8019    334.083  0.000e+00
      3.165     4.1164  24.700087      0.947      2.766      0.371      1.391       8020    334.125  0.000e+00
      3.165     4.1143  24.774598      0.947      2.785      0.360      1.385       8021    334.167  0.000e+00
      3.118     4.1127  24.861359      0.947      2.790      0.352      1.380       8022    334.208  0.000e+00
      3.220     4.1107  24.952229      0.947      2.795      0.343      1.375       8023    334.250  0.000e+00
      3.276     4.1098  25.031504      0.945      2.799      0.335      1.370       8024    334.292  0.000e+00
      3.220     4.1087  25.116388      0.943      2.786      0.327      1.365       8025    334.333  0.000e+00
      3.236     4.1073  25.200973      0.940      2.758      0.319      1.361       8026    334.375  0.000e+00
      3.220     4.1066  25.260956      0.937      2.739      0.313      1.358       8027    334.417  0.000e+00
      3.276     4.1061  25.318211      0.934      2.736      0.305      1.353       8028    334.458  0.000e+00
      3.220     4.1053  25.391916      0.930      2.740      0.299      1.350       8029    334.500  0.000e+00
      3.291     4.1055  25.456352      0.928      2.745      0.293      1.348       8030    334.542  0.000e+00
      3.276     4.1058  25.518759      0.924      2.764      0.287      1.344       8031    334.583  0.000e+00
      3.338     4.1058  25.575537      0.921      2.790      0.281      1.341       8032    334.625  0.000e+00
      3.276     4.1055  25.616365      0.917      2.811      0.278      1.338       8033    334.667  0.000e+00
      3.409     4.1053  25.653135      0.913      2.824      0.274      1.336       8034    334.708  0.000e+00
      3.338     4.1056  25.704823      0.910      2.824      0.270      1.333       8035    334.750  0.000e+00
      3.338     4.1057  25.757228      0.906      2.821      0.266      1.331       8036    334.792  0.000e+00
      3.291     4.1053  25.800140      0.902      2.823      0.263      1.328       8037    334.833  0.000e+00
      3.456     4.1037  25.826349      0.899      2.832      0.261      1.326       8038    334.875  0.000e+00
      3.338     4.1012  25.842685      0.894      2.845      0.259      1.324       8039    334.917  0.000e+00
      3.393     4.0995  25.864076      0.891      2.852      0.255      1.321       8040    334.958  0.000e+00
      3.409     4.0977  25.885445      0.889      2.839      0.253      1.321       8041    335.000  0.000e+00
      3.393     4.0967  25.899194      0.884      2.818      0.249      1.320       8042    335.042  0.000e+00
      3.456     4.0960  25.916777      0.882      2.797      0.247      1.319       8043    335.083  0.000e+00
      3.393     4.0956  25.933077      0.879      2.770      0.247      1.319       8044    335.125  0.000e+00
      3.472     4.0949  25.942363      0.878      2.747      0.244      1.316       8045    335.167  0.000e+00
      3.393     4.0949  25.953918      0.877      2.745      0.243      1.316       8046    335.208  0.000e+00
      3.456     4.0948  25.968757      0.878      2.751      0.242      1.317       8047    335.250  0.000e+00
      3.456     4.0946  25.977649      0.878      2.756      0.242      1.317       8048    335.292  0.000e+00
      3.472     4.0946  25.988108      0.879      2.756      0.242      1.319       8049    335.333  0.000e+00
      3.456     4.0942  26.006483      0.882      2.755      0.242      1.319       8050    335.375  0.000e+00
      3.456     4.0943  26.019463      0.882      2.748      0.243      1.319       8051    335.417  0.000e+00
      3.511     4.0941  26.029898      0.880      2.733      0.243      1.321       8052    335.458  0.000e+00
      3.472     4.0942  26.050558      0.878      2.711      0.244      1.322       8053    335.500  0.000e+00
      3.456     4.0938  26.072423      0.875      2.681      0.245      1.324       8054    335.542  0.000e+00
      3.456     4.0930  26.087968      0.872      2.654      0.248      1.324       8055    335.583  0.000e+00
      3.511     4.0925  26.108679      0.869      2.645      0.248      1.326       8056    335.625  0.000e+00
      3.472     4.0916  26.126569      0.869      2.667      0.249      1.328       8057    335.667  0.000e+00
      3.511     4.0911  26.140067      0.871      2.705      0.250      1.328       8058    335.708  0.000e+00
      3.456     4.0905  26.161196      0.873      2.747      0.250      1.330       8059    335.750  0.000e+00
      3.511     4.0899  26.184887      0.877      2.788      0.252      1.331       8060    335.792  0.000e+00
      3.527     4.0895  26.198275      0.879      2.827      0.253      1.331       8061    335.833  0.000e+00
      3.456     4.0887  26.211327      0.882      2.852      0.254      1.333       8062    335.875  0.000e+00
      3.511     4.0883  26.230480      0.882      2.858      0.255      1.333       8063    335.917  0.000e+00
      3.472     4.0873  26.242830      0.880      2.846      0.256      1.336       8064    335.958  0.000e+00
      3.566     4.0869  26.252504      0.879      2.836      0.258      1.338       8065    336.000  0.000e+00
      3.456     4.0863  26.268649      0.878      2.835      0.261      1.338       8066    336.042  0.000e+00
      3.511     4.0861  26.282087      0.875      2.835      0.263      1.338       8067    336.083  0.000e+00
      3.527     4.0861  26.291859      0.874      2.833      0.264      1.341       8068    336.125  0.000e+00
      3.511     4.0855  26.305209      0.872      2.832      0.264      1.342       8069    336.167  0.000e+00
      3.511     4.0853  26.315663      0.869      2.838      0.264      1.342       8070    336.208  0.000e+00
      3.566     4.0853  26.322572      0.869      2.850      0.265      1.343       8071    336.250  0.000e+00
      3.472     4.0853  26.336514      0.867      2.864      0.265      1.343       8072    336.292  0.000e+00
