testfiles/govdocs/434/434868.txt
* Sea-Bird SBE 9 Raw Data File:
* FileName = C:\CRUISE\OC320\CAST25.DAT
* Software Version 4.222
* Temperature SN = 2265
* Conductivity SN = 1859
* Number of Bytes Per Scan = 27
* Number of Voltage Words = 5
* System UpLoad Time = Apr 02 1998 15:49:26
* NMEA Latitude = 43 41.32 N
* NMEA Longitude = 069 50.39 W
* NMEA UTC (Time) = 20:51:26
** R/V OCEANUS cst25
** OC320  
** Station # cast25
** Casco survey, spring 1998
# nquan = 10
# nvalues = 14333                       
# units = metric
# name 0 = pr: pressure [db]
# name 1 = t068: temperature, IPTS-68 [deg C]
# name 2 = c0mS/cm: conductivity [mS/cm]
# name 3 = v1: voltage, number  1 [V]
# name 4 = v2: voltage, number  2 [V]
# name 5 = v4: voltage, number  4 [V]
# name 6 = v6: voltage, number  6 [V]
# name 7 = scan: scan number
# name 8 = timeS: time [s]
# name 9 = flag:  0.000e+00
# span 0 = 0.664, 26.356                          
# span 1 = 2.9434, 5.3384                         
# span 2 = -3.925201, 28.438518                   
# span 3 = 0.079, 1.454                           
# span 4 = 0.006, 4.349                           
# span 5 = 0.000, 1.460                           
# span 6 = 0.000, 2.106                           
# span 7 = 1, 14333                               
# span 8 = 0.000, 597.167                         
# span 9 = 0.000e+00, 0.000e+00                   
# interval = seconds: 0.0416667                   
# start_time = Apr 02 1998 15:49:26
# bad_flag = -9.990e-29
*END*
[from data line 4181]
      0.881     5.3037   0.041876      0.210      2.370      1.210      2.029       4182    174.208  0.000e+00
      0.881     5.3034   0.041910      0.210      2.370      1.210      2.029       4183    174.250  0.000e+00
      0.833     5.3035   0.041932      0.210      2.370      1.210      2.029       4184    174.292  0.000e+00
      0.881     5.3035   0.041966      0.210      2.370      1.211      2.029       4185    174.333  0.000e+00
      0.943     5.3039   0.041910      0.211      2.370      1.211      2.029       4186    174.375  0.000e+00
      0.833     5.3037   0.041876      0.211      2.370      1.211      2.029       4187    174.417  0.000e+00
      0.881     5.3039   0.041887      0.211      2.370      1.211      2.029       4188    174.458  0.000e+00
      0.881     5.3039   0.041898      0.211      2.370      1.210      2.029       4189    174.500  0.000e+00
      0.723     5.3039   0.041898      0.211      2.370      1.211      2.029       4190    174.542  0.000e+00
      1.053     5.3037   0.041898      0.211      2.370      1.211      2.029       4191    174.583  0.000e+00
      0.881     5.3039   0.041887      0.211      2.370      1.211      2.029       4192    174.625  0.000e+00
      0.881     5.3039   0.041842      0.211      2.370      1.211      2.029       4193    174.667  0.000e+00
      0.833     5.3039   0.041819      0.211      2.370      1.211      2.031       4194    174.708  0.000e+00
      0.881     5.3040   0.041819      0.211      2.370      1.211      2.031       4195    174.750  0.000e+00
      0.881     5.3040   0.041830      0.211      2.370      1.212      2.029       4196    174.792  0.000e+00
      0.896     5.3040   0.041830      0.211      2.370      1.212      2.029       4197    174.833  0.000e+00
      0.881     5.3042   0.041797      0.211      2.370      1.212      2.029       4198    174.875  0.000e+00
      0.881     5.3040   0.041763      0.211      2.370      1.212      2.029       4199    174.917  0.000e+00
      0.833     5.3042   0.041740      0.211      2.370      1.212      2.031       4200    174.958  0.000e+00
      0.881     5.3042   0.041706      0.211      2.370      1.212      2.031       4201    175.000  0.000e+00
      0.881     5.3042   0.041695      0.211      2.370      1.214      2.029       4202    175.042  0.000e+00
      0.896     5.3044   0.041695      0.211      2.371      1.214      2.029       4203    175.083  0.000e+00
      0.881     5.3044   0.041717      0.211      2.371      1.214      2.029       4204    175.125  0.000e+00
      0.826     5.3044   0.041729      0.211      2.371      1.212      2.031       4205    175.167  0.000e+00
      0.833     5.3045   0.041706      0.211      2.371      1.212      2.031       4206    175.208  0.000e+00
      0.943     5.3045   0.041684      0.210      2.371      1.214      2.032       4207    175.250  0.000e+00
      0.881     5.3045   0.041650      0.210      2.371      1.214      2.032       4208    175.292  0.000e+00
      0.826     5.3045   0.041661      0.210      2.371      1.214      2.032       4209    175.333  0.000e+00
      0.896     5.3044   0.041650      0.211      2.371      1.214      2.032       4210    175.375  0.000e+00
      0.881     5.3046   0.041638      0.211      2.371      1.214      2.032       4211    175.417  0.000e+00
      0.826     5.3045   0.041661      0.211      2.371      1.214      2.032       4212    175.458  0.000e+00
      0.896     5.3048   0.041638      0.212      2.371      1.215      2.032       4213    175.500  0.000e+00
      0.881     5.3048   0.041593      0.212      2.371      1.214      2.032       4214    175.542  0.000e+00
      0.881     5.3049   0.041616      0.212      2.371      1.214      2.032       4215    175.583  0.000e+00
      0.833     5.3046   0.041604      0.214      2.371      1.214      2.032       4216    175.625  0.000e+00
      0.881     5.3050   0.041571      0.214      2.372      1.214      2.032       4217    175.667  0.000e+00
      0.881     5.3048   0.041571      0.214      2.372      1.215      2.032       4218    175.708  0.000e+00
      0.833     5.3046   0.041582      0.215      2.372      1.215      2.032       4219    175.750  0.000e+00
      0.881     5.3050   0.041537      0.215      2.372      1.215      2.032       4220    175.792  0.000e+00
      0.881     5.3051   0.041548      0.215      2.374      1.215      2.032       4221    175.833  0.000e+00
      0.834     5.3051   0.041537      0.215      2.374      1.214      2.032       4222    175.875  0.000e+00
      0.881     5.3052   0.041525      0.215      2.374      1.214      2.032       4223    175.917  0.000e+00
      0.826     5.3051   0.041548      0.215      2.374      1.215      2.032       4224    175.958  0.000e+00
      0.881     5.3050   0.041458      0.215      2.374      1.215      2.032       4225    176.000  0.000e+00
      0.834     5.3050   0.041435      0.215      2.374      1.215      2.032       4226    176.042  0.000e+00
      0.881     5.3051   0.041480      0.214      2.374      1.215      2.033       4227    176.083  0.000e+00
      0.881     5.3051   0.041480      0.214      2.374      1.215      2.033       4228    176.125  0.000e+00
      0.834     5.3051   0.041458      0.214      2.374      1.216      2.032       4229    176.167  0.000e+00
      0.881     5.3051   0.041458      0.214      2.374      1.215      2.032       4230    176.208  0.000e+00
      0.826     5.3053   0.041469      0.214      2.374      1.216      2.032       4231    176.250  0.000e+00
      0.896     5.3053   0.041469      0.214      2.375      1.215      2.032       4232    176.292  0.000e+00
      0.881     5.3053   0.041480      0.214      2.375      1.215      2.033       4233    176.333  0.000e+00
      0.826     5.3053   0.041491      0.214      2.375      1.215      2.032       4234    176.375  0.000e+00
      0.834     5.3053   0.041469      0.214      2.375      1.216      2.032       4235    176.417  0.000e+00
      0.881     5.3053   0.041424      0.214      2.375      1.216      2.032       4236    176.458  0.000e+00
      0.881     5.3055   0.041412      0.214      2.375      1.216      2.032       4237    176.500  0.000e+00
      0.834     5.3055   0.041446      0.214      2.375      1.215      2.033       4238    176.542  0.000e+00
      0.881     5.3055   0.041458      0.215      2.375      1.215      2.033       4239    176.583  0.000e+00
      0.826     5.3057   0.041412      0.215      2.375      1.216      2.032       4240    176.625  0.000e+00
      0.881     5.3056   0.041446      0.216      2.375      1.215      2.032       4241    176.667  0.000e+00
      0.834     5.3056   0.041435      0.216      2.375      1.216      2.032       4242    176.708  0.000e+00
      0.881     5.3056   0.041435      0.216      2.375      1.215      2.032       4243    176.750  0.000e+00
      0.826     5.3058   0.041480      0.216      2.375      1.215      2.033       4244    176.792  0.000e+00
      0.896     5.3058   0.041412      0.215      2.375      1.215      2.032       4245    176.833  0.000e+00
      0.826     5.3058   0.041401      0.215      2.375      1.216      2.032       4246    176.875  0.000e+00
      0.881     5.3061   0.041446      0.215      2.375      1.215      2.032       4247    176.917  0.000e+00
      0.834     5.3060   0.041458      0.215      2.375      1.216      2.032       4248    176.958  0.000e+00
      0.881     5.3061   0.041446      0.215      2.375      1.215      2.033       4249    177.000  0.000e+00
      0.881     5.3059   0.041458      0.215      2.375      1.215      2.033       4250    177.042  0.000e+00
      0.834     5.3059   0.041458      0.215      2.375      1.216      2.032       4251    177.083  0.000e+00
      0.881     5.3061   0.041480      0.215      2.375      1.216      2.032       4252    177.125  0.000e+00
      0.826     5.3061   0.041480      0.216      2.375      1.216      2.032       4253    177.167  0.000e+00
      0.834     5.3063   0.041435      0.216      2.375      1.215      2.033       4254    177.208  0.000e+00
      0.881     5.3063   0.041446      0.216      2.375      1.215      2.033       4255    177.250  0.000e+00
      0.881     5.3063   0.041491      0.217      2.375      1.215      2.032       4256    177.292  0.000e+00
      0.826     5.3065   0.041503      0.217      2.375      1.216      2.032       4257    177.333  0.000e+00
      0.897     5.3063   0.041514      0.217      2.375      1.215      2.032       4258    177.375  0.000e+00
      0.826     5.3064   0.041503      0.217      2.375      1.216      2.032       4259    177.417  0.000e+00
      0.881     5.3064   0.041514      0.217      2.375      1.215      2.033       4260    177.458  0.000e+00
      0.834     5.3064   0.041514      0.216      2.375      1.215      2.033       4261    177.500  0.000e+00
      0.881     5.3066   0.041503      0.216      2.375      1.216      2.032       4262    177.542  0.000e+00
      0.881     5.3066   0.041514      0.215      2.375      1.215      2.032       4263    177.583  0.000e+00
      0.834     5.3071   0.041514      0.215      2.375      1.215      2.032       4264    177.625  0.000e+00
      0.881     5.3067   0.041537      0.215      2.375      1.215      2.033       4265    177.667  0.000e+00
      0.881     5.3066   0.041571      0.215      2.375      1.215      2.033       4266    177.708  0.000e+00
      0.834     5.3066   0.041582      0.214      2.375      1.215      2.032       4267    177.750  0.000e+00
      0.881     5.3068   0.041525      0.214      2.375      1.215      2.032       4268    177.792  0.000e+00
      0.881     5.3069   0.041559      0.214      2.375      1.215      2.032       4269    177.833  0.000e+00
      0.834     5.3069   0.041582      0.214      2.375      1.215      2.032       4270    177.875  0.000e+00
      0.881     5.3071   0.041604      0.214      2.376      1.214      2.033       4271    177.917  0.000e+00
      0.881     5.3071   0.041582      0.214      2.376      1.215      2.032       4272    177.958  0.000e+00
      0.724     5.3069   0.041571      0.214      2.375      1.215      2.032       4273    178.000  0.000e+00
      0.999     5.3071   0.041604      0.214      2.376      1.215      2.032       4274    178.042  0.000e+00
      0.881     5.3071   0.041593      0.214      2.376      1.215      2.032       4275    178.083  0.000e+00
      0.826     5.3074   0.041604      0.212      2.375      1.215      2.032       4276    178.125  0.000e+00
      0.897     5.3072   0.041616      0.212      2.375      1.214      2.032       4277    178.167  0.000e+00
      0.881     5.3074   0.041627      0.212      2.375      1.215      2.032       4278    178.208  0.000e+00
      0.881     5.3075   0.041672      0.212      2.375      1.215      2.032       4279    178.250  0.000e+00
      0.834     5.3075   0.041638      0.212      2.375      1.215      2.032       4280    178.292  0.000e+00
      0.881     5.3075   0.041684      0.212      2.375      1.215      2.032       4281    178.333  0.000e+00
      0.881     5.3075   0.041717      0.212      2.375      1.214      2.033       4282    178.375  0.000e+00
      0.897     5.3076   0.041706      0.212      2.375      1.214      2.032       4283    178.417  0.000e+00
      0.881     5.3075   0.041729      0.212      2.375      1.215      2.032       4284    178.458  0.000e+00
      0.881     5.3077   0.041717      0.212      2.375      1.215      2.032       4285    178.500  0.000e+00
      0.834     5.3077   0.041695      0.212      2.374      1.215      2.032       4286    178.542  0.000e+00
      0.881     5.3077   0.041717      0.212      2.374      1.214      2.032       4287    178.583  0.000e+00
      0.881     5.3079   0.041706      0.214      2.374      1.214      2.032       4288    178.625  0.000e+00
      0.834     5.3077   0.041717      0.214      2.374      1.215      2.032       4289    178.667  0.000e+00
      0.944     5.3079   0.041740      0.214      2.374      1.215      2.032       4290    178.708  0.000e+00
      0.881     5.3079   0.041797      0.214      2.374      1.215      2.032       4291    178.750  0.000e+00
      0.881     5.3081   0.041751      0.214      2.374      1.215      2.032       4292    178.792  0.000e+00
      0.897     5.3080   0.041729      0.214      2.374      1.214      2.033       4293    178.833  0.000e+00
      0.881     5.3082   0.041729      0.214      2.374      1.214      2.033       4294    178.875  0.000e+00
      0.881     5.3079   0.041763      0.214      2.374      1.215      2.032       4295    178.917  0.000e+00
      0.834     5.3079   0.041819      0.212      2.374      1.215      2.032       4296    178.958  0.000e+00
      0.881     5.3080   0.041830      0.212      2.374      1.215      2.032       4297    179.000  0.000e+00
      0.881     5.3080   0.041774      0.212      2.372      1.214      2.033       4298    179.042  0.000e+00
      0.897     5.3083   0.041797      0.212      2.372      1.214      2.033       4299    179.083  0.000e+00
      0.881     5.3080   0.041774      0.211      2.374      1.215      2.032       4300    179.125  0.000e+00
      0.881     5.3084   0.041797      0.211      2.372      1.215      2.032       4301    179.167  0.000e+00
      0.897     5.3083   0.041819      0.210      2.372      1.215      2.032       4302    179.208  0.000e+00
      0.881     5.3083   0.041797      0.210      2.372      1.215      2.032       4303    179.250  0.000e+00
      0.881     5.3082   0.041819      0.210      2.372      1.214      2.033       4304    179.292  0.000e+00
      0.834     5.3083   0.041842      0.210      2.372      1.214      2.033       4305    179.333  0.000e+00
      0.944     5.3082   0.041864      0.210      2.371      1.215      2.032       4306    179.375  0.000e+00
      0.881     5.3083   0.041842      0.210      2.371      1.215      2.032       4307    179.417  0.000e+00
      0.881     5.3085   0.041898      0.210      2.371      1.215      2.032       4308    179.458  0.000e+00
      0.834     5.3085   0.041797      0.209      2.371      1.214      2.033       4309    179.500  0.000e+00
      0.881     5.3086   0.041819      0.209      2.371      1.214      2.033       4310    179.542  0.000e+00
      0.881     5.3087   0.041830      0.209      2.371      1.215      2.032       4311    179.583  0.000e+00
      0.897     5.3085   0.041819      0.208      2.371      1.215      2.032       4312    179.625  0.000e+00
      0.881     5.3088   0.041797      0.208      2.371      1.215      2.032       4313    179.667  0.000e+00
      0.881     5.3087   0.041808      0.208      2.371      1.215      2.032       4314    179.708  0.000e+00
      0.897     5.3088   0.041819      0.208      2.371      1.214      2.033       4315    179.750  0.000e+00
      0.881     5.3088   0.041830      0.208      2.371      1.215      2.033       4316    179.792  0.000e+00
      0.881     5.3090   0.041842      0.208      2.371      1.215      2.032       4317    179.833  0.000e+00
      0.834     5.3088   0.041864      0.208      2.371      1.215      2.032       4318    179.875  0.000e+00
      0.881     5.3089   0.041853      0.209      2.371      1.215      2.032       4319    179.917  0.000e+00
      0.881     5.3090   0.041853      0.209      2.371      1.215      2.033       4320    179.958  0.000e+00
      0.897     5.3087   0.041853      0.209      2.371      1.215      2.033       4321    180.000  0.000e+00
      0.881     5.3088   0.041830      0.209      2.371      1.215      2.032       4322    180.042  0.000e+00
      0.881     5.3090   0.041819      0.209      2.371      1.215      2.032       4323    180.083  0.000e+00
      0.881     5.3090   0.041797      0.209      2.371      1.215      2.032       4324    180.125  0.000e+00
