testfiles/govdocs/434/434868.txt
* Sea-Bird SBE 9 Raw Data File:
* FileName = C:\CRUISE\OC320\CAST25.DAT
* Software Version 4.222
* Temperature SN = 2265
* Conductivity SN = 1859
* Number of Bytes Per Scan = 27
* Number of Voltage Words = 5
* System UpLoad Time = Apr 02 1998 15:49:26
* NMEA Latitude = 43 41.32 N
* NMEA Longitude = 069 50.39 W
* NMEA UTC (Time) = 20:51:26
** R/V OCEANUS cst25
** OC320  
** Station # cast25
** Casco survey, spring 1998
# nquan = 10
# nvalues = 14333                       
# units = metric
# name 0 = pr: pressure [db]
# name 1 = t068: temperature, IPTS-68 [deg C]
# name 2 = c0mS/cm: conductivity [mS/cm]
# name 3 = v1: voltage, number  1 [V]
# name 4 = v2: voltage, number  2 [V]
# name 5 = v4: voltage, number  4 [V]
# name 6 = v6: voltage, number  6 [V]
# name 7 = scan: scan number
# name 8 = timeS: time [s]
# name 9 = flag:  0.000e+00
# span 0 = 0.664, 26.356                          
# span 1 = 2.9434, 5.3384                         
# span 2 = -3.925201, 28.438518                   
# span 3 = 0.079, 1.454                           
# span 4 = 0.006, 4.349                           
# span 5 = 0.000, 1.460                           
# span 6 = 0.000, 2.106                           
# span 7 = 1, 14333                               
# span 8 = 0.000, 597.167                         
# span 9 = 0.000e+00, 0.000e+00                   
# interval = seconds: 0.0416667                   
# start_time = Apr 02 1998 15:49:26
# bad_flag = -9.990e-29
*END*
[from data line 6199]
      0.837     5.3309   0.039232      0.206      2.425      1.250      2.054       6200    258.292  0.000e+00
      0.884     5.3307   0.039209      0.206      2.424      1.250      2.054       6201    258.333  0.000e+00
      0.884     5.3309   0.039198      0.205      2.422      1.250      2.054       6202    258.375  0.000e+00
      0.900     5.3310   0.039220      0.205      2.422      1.249      2.054       6203    258.417  0.000e+00
      0.884     5.3309   0.039209      0.205      2.421      1.250      2.054       6204    258.458  0.000e+00
      0.884     5.3310   0.039186      0.205      2.420      1.252      2.054       6205    258.500  0.000e+00
      0.837     5.3307   0.039186      0.205      2.420      1.252      2.054       6206    258.542  0.000e+00
      0.884     5.3310   0.039232      0.205      2.419      1.252      2.054       6207    258.583  0.000e+00
      0.947     5.3307   0.039220      0.204      2.419      1.252      2.054       6208    258.625  0.000e+00
      0.837     5.3309   0.039198      0.204      2.418      1.250      2.055       6209    258.667  0.000e+00
      0.884     5.3307   0.039232      0.203      2.418      1.252      2.054       6210    258.708  0.000e+00
      0.884     5.3309   0.039254      0.205      2.418      1.252      2.054       6211    258.750  0.000e+00
      0.884     5.3307   0.039254      0.203      2.416      1.252      2.054       6212    258.792  0.000e+00
      0.900     5.3309   0.039277      0.203      2.416      1.252      2.054       6213    258.833  0.000e+00
      0.829     5.3307   0.039266      0.203      2.416      1.252      2.055       6214    258.875  0.000e+00
      0.947     5.3307   0.039254      0.201      2.416      1.252      2.055       6215    258.917  0.000e+00
      0.837     5.3307   0.039288      0.201      2.415      1.253      2.054       6216    258.958  0.000e+00
      0.884     5.3307   0.039277      0.201      2.415      1.252      2.054       6217    259.000  0.000e+00
      0.884     5.3307   0.039243      0.201      2.415      1.252      2.054       6218    259.042  0.000e+00
      0.900     5.3307   0.039243      0.201      2.414      1.252      2.055       6219    259.083  0.000e+00
      0.884     5.3307   0.039254      0.201      2.414      1.252      2.055       6220    259.125  0.000e+00
      0.884     5.3307   0.039254      0.203      2.414      1.253      2.054       6221    259.167  0.000e+00
      0.837     5.3307   0.039254      0.203      2.414      1.253      2.054       6222    259.208  0.000e+00
      0.947     5.3307   0.039254      0.203      2.413      1.253      2.054       6223    259.250  0.000e+00
      0.884     5.3307   0.039277      0.205      2.413      1.253      2.054       6224    259.292  0.000e+00
      0.837     5.3307   0.039299      0.205      2.413      1.252      2.055       6225    259.333  0.000e+00
      0.884     5.3305   0.039311      0.205      2.413      1.253      2.056       6226    259.375  0.000e+00
      0.884     5.3307   0.039277      0.206      2.411      1.253      2.054       6227    259.417  0.000e+00
      0.727     5.3309   0.039254      0.206      2.411      1.253      2.054       6228    259.458  0.000e+00
      1.057     5.3307   0.039254      0.208      2.411      1.253      2.054       6229    259.500  0.000e+00
      0.884     5.3307   0.039288      0.208      2.410      1.253      2.055       6230    259.542  0.000e+00
      0.884     5.3309   0.039311      0.208      2.410      1.253      2.056       6231    259.583  0.000e+00
      0.837     5.3305   0.039311      0.208      2.410      1.253      2.054       6232    259.625  0.000e+00
      0.884     5.3307   0.039345      0.209      2.409      1.253      2.054       6233    259.667  0.000e+00
      0.884     5.3307   0.039356      0.209      2.409      1.253      2.056       6234    259.708  0.000e+00
      0.900     5.3307   0.039379      0.209      2.409      1.253      2.054       6235    259.750  0.000e+00
      0.884     5.3305   0.039367      0.209      2.409      1.253      2.056       6236    259.792  0.000e+00
      0.884     5.3307   0.039311      0.209      2.410      1.253      2.056       6237    259.833  0.000e+00
      0.900     5.3305   0.039266      0.209      2.410      1.254      2.056       6238    259.875  0.000e+00
      0.884     5.3307   0.039322      0.209      2.410      1.253      2.056       6239    259.917  0.000e+00
      0.829     5.3305   0.039311      0.209      2.410      1.253      2.056       6240    259.958  0.000e+00
      0.900     5.3307   0.039299      0.209      2.410      1.253      2.056       6241    260.000  0.000e+00
      0.884     5.3305   0.039333      0.210      2.410      1.253      2.056       6242    260.042  0.000e+00
      0.884     5.3307   0.039311      0.210      2.410      1.254      2.056       6243    260.083  0.000e+00
      0.837     5.3305   0.039299      0.210      2.410      1.254      2.056       6244    260.125  0.000e+00
      0.947     5.3307   0.039277      0.210      2.410      1.253      2.056       6245    260.167  0.000e+00
      0.884     5.3307   0.039277      0.210      2.410      1.253      2.056       6246    260.208  0.000e+00
      0.884     5.3305   0.039266      0.211      2.410      1.253      2.056       6247    260.250  0.000e+00
      0.837     5.3304   0.039277      0.211      2.410      1.253      2.056       6248    260.292  0.000e+00
      0.884     5.3309   0.039254      0.212      2.410      1.254      2.056       6249    260.333  0.000e+00
      0.884     5.3305   0.039266      0.212      2.410      1.254      2.056       6250    260.375  0.000e+00
      0.900     5.3304   0.039288      0.212      2.410      1.254      2.056       6251    260.417  0.000e+00
      0.884     5.3307   0.039266      0.212      2.410      1.253      2.056       6252    260.458  0.000e+00
      0.884     5.3304   0.039277      0.212      2.410      1.253      2.056       6253    260.500  0.000e+00
      0.837     5.3308   0.039288      0.212      2.410      1.254      2.056       6254    260.542  0.000e+00
      0.884     5.3305   0.039254      0.214      2.410      1.254      2.056       6255    260.583  0.000e+00
      0.884     5.3307   0.039288      0.214      2.409      1.254      2.056       6256    260.625  0.000e+00
      0.900     5.3307   0.039299      0.214      2.409      1.254      2.056       6257    260.667  0.000e+00
      0.884     5.3305   0.039288      0.214      2.409      1.253      2.056       6258    260.708  0.000e+00
      0.884     5.3305   0.039254      0.212      2.409      1.253      2.056       6259    260.750  0.000e+00
      0.837     5.3305   0.039243      0.212      2.409      1.254      2.056       6260    260.792  0.000e+00
      0.884     5.3307   0.039322      0.212      2.409      1.253      2.056       6261    260.833  0.000e+00
      0.884     5.3307   0.039322      0.212      2.409      1.253      2.056       6262    260.875  0.000e+00
      0.884     5.3305   0.039277      0.212      2.409      1.253      2.056       6263    260.917  0.000e+00
      0.900     5.3307   0.039277      0.212      2.409      1.253      2.056       6264    260.958  0.000e+00
      0.884     5.3305   0.039266      0.211      2.409      1.253      2.056       6265    261.000  0.000e+00
      0.829     5.3307   0.039254      0.211      2.409      1.253      2.056       6266    261.042  0.000e+00
      0.900     5.3307   0.039254      0.211      2.409      1.253      2.056       6267    261.083  0.000e+00
      0.884     5.3305   0.039277      0.211      2.409      1.253      2.056       6268    261.125  0.000e+00
      0.884     5.3307   0.039299      0.211      2.409      1.253      2.056       6269    261.167  0.000e+00
      0.900     5.3305   0.039311      0.211      2.409      1.253      2.056       6270    261.208  0.000e+00
      0.829     5.3305   0.039299      0.211      2.410      1.253      2.054       6271    261.250  0.000e+00
      0.884     5.3305   0.039220      0.211      2.410      1.253      2.054       6272    261.292  0.000e+00
      0.900     5.3305   0.039164      0.211      2.410      1.253      2.054       6273    261.333  0.000e+00
      0.884     5.3309   0.039141      0.212      2.410      1.253      2.055       6274    261.375  0.000e+00
      0.829     5.3307   0.039220      0.212      2.411      1.253      2.055       6275    261.417  0.000e+00
      0.900     5.3306   0.039220      0.212      2.413      1.253      2.054       6276    261.458  0.000e+00
      0.884     5.3305   0.039220      0.212      2.413      1.253      2.054       6277    261.500  0.000e+00
      0.884     5.3307   0.039243      0.211      2.414      1.253      2.054       6278    261.542  0.000e+00
      0.829     5.3304   0.039243      0.211      2.414      1.253      2.054       6279    261.583  0.000e+00
      0.900     5.3309   0.039232      0.210      2.414      1.252      2.055       6280    261.625  0.000e+00
      0.884     5.3307   0.039209      0.210      2.415      1.253      2.055       6281    261.667  0.000e+00
      0.884     5.3305   0.039164      0.210      2.415      1.253      2.054       6282    261.708  0.000e+00
      0.837     5.3305   0.039175      0.209      2.415      1.253      2.054       6283    261.750  0.000e+00
      0.884     5.3309   0.039186      0.209      2.415      1.253      2.054       6284    261.792  0.000e+00
      0.884     5.3307   0.039186      0.209      2.416      1.252      2.055       6285    261.833  0.000e+00
      0.837     5.3307   0.039164      0.210      2.416      1.252      2.055       6286    261.875  0.000e+00
      0.884     5.3305   0.039209      0.210      2.416      1.253      2.054       6287    261.917  0.000e+00
      0.884     5.3307   0.039153      0.210      2.416      1.253      2.054       6288    261.958  0.000e+00
      0.837     5.3309   0.039096      0.210      2.418      1.253      2.054       6289    262.000  0.000e+00
      0.884     5.3305   0.039119      0.210      2.418      1.252      2.054       6290    262.042  0.000e+00
      0.884     5.3307   0.039164      0.210      2.418      1.252      2.055       6291    262.083  0.000e+00
      0.900     5.3307   0.039153      0.210      2.418      1.252      2.054       6292    262.125  0.000e+00
      0.829     5.3310   0.039130      0.210      2.418      1.252      2.054       6293    262.167  0.000e+00
      0.884     5.3307   0.039153      0.210      2.418      1.252      2.054       6294    262.208  0.000e+00
      0.884     5.3307   0.039153      0.209      2.418      1.252      2.054       6295    262.250  0.000e+00
      0.900     5.3309   0.039107      0.209      2.418      1.252      2.055       6296    262.292  0.000e+00
      0.829     5.3309   0.039107      0.208      2.419      1.252      2.055       6297    262.333  0.000e+00
      0.884     5.3308   0.039119      0.208      2.419      1.252      2.054       6298    262.375  0.000e+00
      0.900     5.3309   0.039119      0.208      2.419      1.252      2.054       6299    262.417  0.000e+00
      0.829     5.3309   0.039175      0.208      2.419      1.252      2.054       6300    262.458  0.000e+00
      0.884     5.3309   0.039141      0.208      2.419      1.252      2.055       6301    262.500  0.000e+00
      0.900     5.3309   0.039096      0.208      2.419      1.252      2.055       6302    262.542  0.000e+00
      0.884     5.3307   0.039119      0.208      2.419      1.252      2.054       6303    262.583  0.000e+00
      0.829     5.3310   0.039130      0.208      2.419      1.252      2.054       6304    262.625  0.000e+00
      0.900     5.3307   0.039096      0.208      2.419      1.252      2.054       6305    262.667  0.000e+00
      0.884     5.3309   0.039028      0.209      2.420      1.252      2.054       6306    262.708  0.000e+00
      0.829     5.3310   0.039085      0.210      2.420      1.250      2.054       6307    262.750  0.000e+00
      0.900     5.3309   0.039119      0.210      2.420      1.252      2.055       6308    262.792  0.000e+00
      0.884     5.3310   0.039051      0.210      2.420      1.252      2.054       6309    262.833  0.000e+00
      0.829     5.3310   0.039051      0.211      2.420      1.252      2.054       6310    262.875  0.000e+00
      0.884     5.3309   0.039062      0.211      2.421      1.252      2.054       6311    262.917  0.000e+00
      0.900     5.3310   0.039062      0.211      2.421      1.252      2.054       6312    262.958  0.000e+00
      0.884     5.3310   0.039040      0.211      2.421      1.252      2.055       6313    263.000  0.000e+00
      0.829     5.3310   0.039051      0.210      2.421      1.252      2.054       6314    263.042  0.000e+00
      0.900     5.3310   0.039028      0.210      2.421      1.252      2.054       6315    263.083  0.000e+00
      0.884     5.3312   0.039017      0.210      2.421      1.252      2.054       6316    263.125  0.000e+00
      0.829     5.3312   0.039051      0.210      2.421      1.252      2.054       6317    263.167  0.000e+00
      0.900     5.3310   0.039040      0.210      2.422      1.252      2.055       6318    263.208  0.000e+00
      0.884     5.3310   0.039051      0.211      2.422      1.252      2.055       6319    263.250  0.000e+00
      0.829     5.3310   0.039040      0.211      2.422      1.252      2.054       6320    263.292  0.000e+00
      0.900     5.3311   0.039051      0.212      2.422      1.252      2.054       6321    263.333  0.000e+00
      0.884     5.3314   0.039073      0.212      2.424      1.252      2.054       6322    263.375  0.000e+00
      0.884     5.3312   0.039051      0.212      2.424      1.252      2.055       6323    263.417  0.000e+00
      0.837     5.3312   0.039028      0.212      2.424      1.252      2.055       6324    263.458  0.000e+00
      0.884     5.3314   0.039017      0.212      2.424      1.252      2.054       6325    263.500  0.000e+00
      0.884     5.3310   0.038983      0.212      2.424      1.253      2.054       6326    263.542  0.000e+00
      0.884     5.3312   0.038994      0.214      2.424      1.253      2.054       6327    263.583  0.000e+00
      0.837     5.3314   0.039040      0.214      2.424      1.253      2.054       6328    263.625  0.000e+00
      0.884     5.3314   0.039062      0.214      2.425      1.252      2.055       6329    263.667  0.000e+00
      0.884     5.3314   0.039051      0.212      2.425      1.252      2.055       6330    263.708  0.000e+00
      0.837     5.3314   0.039040      0.212      2.425      1.253      2.054       6331    263.750  0.000e+00
      0.884     5.3312   0.039028      0.212      2.425      1.253      2.054       6332    263.792  0.000e+00
      0.884     5.3312   0.038994      0.212      2.425      1.253      2.054       6333    263.833  0.000e+00
      0.837     5.3314   0.039006      0.212      2.425      1.253      2.055       6334    263.875  0.000e+00
      0.884     5.3315   0.039028      0.212      2.425      1.252      2.055       6335    263.917  0.000e+00
      0.884     5.3314   0.039062      0.212      2.425      1.253      2.054       6336    263.958  0.000e+00
      0.837     5.3315   0.039051      0.212      2.425      1.253      2.054       6337    264.000  0.000e+00
      0.884     5.3314   0.039028      0.212      2.425      1.253      2.056       6338    264.042  0.000e+00
      0.884     5.3315   0.038994      0.212      2.425      1.253      2.054       6339    264.083  0.000e+00
      0.900     5.3315   0.038994      0.212      2.425      1.253      2.055       6340    264.125  0.000e+00
      0.884     5.3314   0.039006      0.212      2.425      1.253      2.055       6341    264.167  0.000e+00
      0.829     5.3314   0.038972      0.212      2.425      1.254      2.054       6342    264.208  0.000e+00
