testfiles/govdocs/026/026264.txt
ncols         504
nrows         762
xllcorner     1349722.625
yllcorner     1644535.458356
cellsize      1000
NODATA_value  -9999
[rows 252 to 279 of 762, columns 441 to 503 of 504]
3.458294 3.453554 3.448752 3.443897 3.438999 3.434069 3.429117 3.424156 3.419198 3.414256 3.409344 3.404476 3.399669 3.394937 3.390298 3.385769 3.381369 3.377116 3.37303 3.369027 3.365027 3.361026 3.357018 3.353001 3.348969 3.344917 3.340839 3.33673 3.332585 3.328398 3.324161 3.31987 3.315518 3.311099 3.306607 3.302035 3.297377 3.292626 3.287778 3.282826 3.277763 3.272585 3.267286 3.26186 3.256303 3.250609 3.244775 3.238796 3.232668 3.226388 3.219953 3.21336 3.206608 3.199694 3.192617 3.185378 3.177975 3.170409 3.162683 3.154796 3.146753 3.138555 3.130208
3.454038 3.449301 3.444511 3.439678 3.434812 3.429924 3.425026 3.420131 3.415252 3.410402 3.405597 3.400851 3.396181 3.391603 3.387135 3.382796 3.378604 3.374572 3.370588 3.366607 3.362625 3.358637 3.354639 3.350626 3.346594 3.342537 3.338449 3.334325 3.330159 3.325945 3.321677 3.317348 3.312953 3.308486 3.303939 3.299308 3.294585 3.289764 3.28484 3.279807 3.274659 3.26939 3.263996 3.258471 3.25281 3.247009 3.241064 3.234971 3.228727 3.222328 3.215772 3.209057 3.20218 3.195142 3.18794 3.180576 3.173049 3.165361 3.157514 3.149509 3.141351 3.133042 3.124588
3.449832 3.445106 3.440337 3.435534 3.430709 3.425874 3.421041 3.416224 3.411435 3.406691 3.402006 3.397396 3.392878 3.388471 3.384191 3.380059 3.376069 3.372105 3.368142 3.364179 3.36021 3.356231 3.352238 3.348226 3.344189 3.340122 3.336019 3.331875 3.327683 3.323438 3.319133 3.314763 3.31032 3.305799 3.301194 3.296498 3.291705 3.28681 3.281806 3.276688 3.271451 3.266088 3.260595 3.254968 3.249201 3.243291 3.237233 3.231024 3.224662 3.218143 3.211465 3.204626 3.197626 3.190463 3.183138 3.175651 3.168002 3.160194 3.152229 3.144109 3.13584 3.127425 3.118869
3.445683 3.440976 3.436236 3.431473 3.4267 3.421928 3.417171 3.412443 3.407759 3.403133 3.398582 3.394124 3.389775 3.385553 3.381479 3.377522 3.373576 3.369633 3.365688 3.361738 3.357779 3.353805 3.349813 3.345796 3.34175 3.337668 3.333546 3.329376 3.325154 3.320873 3.316527 3.312109 3.307614 3.303035 3.298367 3.293602 3.288736 3.283762 3.278674 3.273468 3.268137 3.262677 3.257083 3.25135 3.245475 3.239453 3.23328 3.226954 3.220473 3.213832 3.207032 3.200071 3.192947 3.185661 3.178213 3.170604 3.162836 3.154911 3.146831 3.138602 3.130226 3.121709 3.113057
3.441597 3.436918 3.432217 3.427504 3.422792 3.418095 3.413426 3.4088 3.404233 3.39974 3.395339 3.391047 3.386883 3.382865 3.378931 3.375004 3.371079 3.367153 3.363222 3.359282 3.355328 3.351355 3.347358 3.343333 3.339272 3.335172 3.331025 3.326825 3.322568 3.318246 3.313854 3.309384 3.304832 3.300191 3.295455 3.290617 3.285673 3.280616 3.275441 3.270143 3.264715 3.259155 3.253457 3.247617 3.24163 3.235494 3.229205 3.222761 3.216159 3.209398 3.202475 3.195391 3.188144 3.180737 3.173168 3.16544 3.157555 3.149516 3.141326 3.13299 3.124513 3.115901 3.10716
3.437581 3.43294 3.428286 3.423634 3.418995 3.414384 3.409816 3.405305 3.400869 3.396524 3.392288 3.388179 3.384212 3.380297 3.376387 3.372481 3.368573 3.364661 3.36074 3.356805 3.352852 3.348876 3.344871 3.340832 3.336752 3.332628 3.328452 3.324218 3.319921 3.315553 3.31111 3.306585 3.301971 3.297263 3.292455 3.28754 3.282514 3.277371 3.272105 3.266711 3.261184 3.255521 3.249716 3.243765 3.237666 3.231415 3.225008 3.218445 3.211722 3.204839 3.197795 3.190588 3.183221 3.175693 3.168005 3.160161 3.152163 3.144014 3.135718 3.127281 3.118709 3.110007 3.101184
3.433642 3.429047 3.424453 3.419871 3.415317 3.410805 3.40635 3.401969 3.397679 3.393497 3.389441 3.385515 3.381619 3.377728 3.373839 3.36995 3.366056 3.362154 3.358238 3.354305 3.350348 3.346364 3.342346 3.338289 3.334187 3.330033 3.325823 3.32155 3.317208 3.312791 3.308293 3.303706 3.299027 3.294248 3.289364 3.284369 3.279257 3.274023 3.268663 3.26317 3.257542 3.251773 3.245859 3.239796 3.233582 3.227215 3.22069 3.214006 3.207163 3.200159 3.192993 3.185666 3.178179 3.170533 3.16273 3.154772 3.146664 3.138409 3.130013 3.12148 3.112818 3.104034 3.095136
3.429787 3.425249 3.420724 3.416225 3.411768 3.407368 3.40304 3.398803 3.394674 3.39067 3.386777 3.382898 3.379025 3.375154 3.371283 3.367408 3.363524 3.359627 3.355713 3.351777 3.347813 3.343816 3.33978 3.335701 3.33157 3.327384 3.323136 3.318819 3.314428 3.309956 3.305398 3.300747 3.295997 3.291143 3.286179 3.281099 3.275899 3.270572 3.265114 3.25952 3.253787 3.24791 3.241884 3.235709 3.229379 3.222893 3.21625 3.209446 3.202483 3.195358 3.188072 3.180626 3.173021 3.16526 3.157344 3.149277 3.141064 3.132708 3.124217 3.115595 3.10685 3.097991 3.089026
3.426023 3.421552 3.417108 3.412705 3.408357 3.404082 3.399897 3.395818 3.391865 3.387995 3.384134 3.380279 3.376426 3.372573 3.368716 3.36485 3.360973 3.357078 3.353161 3.349218 3.345242 3.341228 3.33717 3.333063 3.3289 3.324677 3.320385 3.31602 3.311575 3.307045 3.302423 3.297703 3.292879 3.287946 3.282898 3.27773 3.272437 3.267014 3.261456 3.255759 3.249918 3.243931 3.237793 3.231502 3.225056 3.218452 3.211689 3.204766 3.197683 3.190439 3.183034 3.175471 3.167752 3.159878 3.151853 3.143681 3.135367 3.126916 3.118335 3.109631 3.100811 3.091885 3.082862
3.422358 3.417967 3.413615 3.409319 3.405095 3.400959 3.39693 3.393025 3.389172 3.385328 3.38149 3.377655 3.373819 3.36998 3.366133 3.362274 3.358399 3.354502 3.350578 3.346623 3.342631 3.338595 3.334511 3.330372 3.326173 3.321907 3.317568 3.31315 3.308648 3.304054 3.299364 3.294571 3.289669 3.284654 3.279519 3.27426 3.268871 3.263349 3.257688 3.251884 3.245935 3.239836 3.233584 3.227177 3.220614 3.213892 3.20701 3.199968 3.192765 3.185403 3.177882 3.170205 3.162374 3.154391 3.146261 3.137989 3.12958 3.12104 3.112376 3.103596 3.094709 3.085724 3.076653
3.4188 3.414499 3.410253 3.406078 3.401991 3.39801 3.394143 3.390308 3.386481 3.382659 3.378841 3.375023 3.371202 3.367373 3.363532 3.359676 3.355798 3.351895 3.347961 3.34399 3.339977 3.335915 3.3318 3.327625 3.323385 3.319072 3.314681 3.310206 3.305642 3.300981 3.296219 3.291349 3.286366 3.281264 3.276039 3.270685 3.265199 3.259574 3.253808 3.247896 3.241836 3.235624 3.229257 3.222734 3.216053 3.209213 3.202213 3.195052 3.187733 3.180255 3.17262 3.164831 3.156891 3.148804 3.140574 3.132207 3.123709 3.115086 3.106346 3.097499 3.088553 3.079519 3.070409
3.415357 3.41116 3.407032 3.402992 3.399057 3.395221 3.391402 3.387591 3.383787 3.379986 3.376185 3.372381 3.36857 3.364748 3.36091 3.357052 3.353169 3.349255 3.345305 3.341314 3.337276 3.333184 3.329034 3.324818 3.320532 3.316168 3.311721 3.307185 3.302555 3.297823 3.292984 3.288034 3.282966 3.277775 3.272457 3.267006 3.261418 3.255689 3.249816 3.243795 3.237622 3.231296 3.224814 3.218174 3.211375 3.204417 3.197299 3.190023 3.182588 3.174996 3.167251 3.159354 3.15131 3.143122 3.134798 3.126341 3.11776 3.109061 3.100254 3.091347 3.082351 3.073278 3.06414
3.412038 3.407957 3.403962 3.400071 3.396258 3.392455 3.388661 3.384873 3.381088 3.377304 3.373517 3.369724 3.36592 3.362101 3.358262 3.354398 3.350505 3.346577 3.342607 3.338592 3.334524 3.330398 3.326208 3.321948 3.317611 3.313192 3.308685 3.304084 3.299383 3.294577 3.289659 3.284624 3.279468 3.274185 3.26877 3.263219 3.257528 3.251693 3.245711 3.239579 3.233293 3.226852 3.220254 3.213497 3.206582 3.199507 3.192273 3.184881 3.177334 3.169631 3.161778 3.153777 3.145633 3.137352 3.128937 3.120398 3.11174 3.102974 3.094107 3.08515 3.076114 3.067013 3.057857
3.408852 3.4049 3.401051 3.397254 3.393468 3.389689 3.385917 3.382149 3.378382 3.374612 3.370836 3.36705 3.363249 3.359429 3.355585 3.351712 3.347805 3.343858 3.339865 3.33582 3.331719 3.327554 3.32332 3.31901 3.31462 3.310142 3.30557 3.3009 3.296125 3.29124 3.286239 3.281117 3.27587 3.270491 3.264977 3.259325 3.253529 3.247586 3.241493 3.235249 3.228849 3.222293 3.215579 3.208706 3.201674 3.194484 3.187136 3.179632 3.171974 3.164164 3.156207 3.148107 3.139868 3.131497 3.123 3.114384 3.105659 3.096832 3.087914 3.078917 3.069852 3.060732 3.051572
3.405807 3.401993 3.398212 3.394441 3.390678 3.386921 3.383169 3.379418 3.375665 3.371906 3.368137 3.364355 3.360554 3.356729 3.352877 3.34899 3.345064 3.341094 3.337073 3.332996 3.328856 3.324648 3.320366 3.316003 3.311554 3.307013 3.302373 3.29763 3.292778 3.287811 3.282724 3.277512 3.27217 3.266693 3.261079 3.255322 3.249418 3.243366 3.237162 3.230804 3.22429 3.217619 3.210789 3.203801 3.196655 3.189351 3.181891 3.174277 3.166512 3.158599 3.150543 3.142348 3.13402 3.125566 3.116992 3.108308 3.099522 3.090644 3.081686 3.072658 3.063575 3.054449 3.045296
3.402896 3.39913 3.395374 3.391626 3.387885 3.384148 3.380413 3.376676 3.372934 3.369183 3.365418 3.361636 3.357831 3.353998 3.350132 3.346228 3.34228 3.338282 3.334229 3.330115 3.325933 3.321677 3.317343 3.312923 3.308411 3.303803 3.299092 3.294273 3.289339 3.284287 3.27911 3.273805 3.268366 3.26279 3.257072 3.251209 3.245197 3.239035 3.232718 3.226247 3.219619 3.212832 3.205888 3.198786 3.191526 3.184111 3.176542 3.168821 3.160953 3.152941 3.14479 3.136506 3.128095 3.119564 3.110922 3.102177 3.093339 3.08442 3.075431 3.066384 3.057293 3.048174 3.039042
3.40001 3.396268 3.392535 3.388809 3.385087 3.381367 3.377647 3.373921 3.370187 3.36644 3.362676 3.35889 3.355077 3.351232 3.347349 3.343423 3.339449 3.33542 3.33133 3.327174 3.322946 3.318639 3.314248 3.309767 3.305189 3.30051 3.295724 3.290824 3.285807 3.280666 3.275398 3.269997 3.264459 3.25878 3.252957 3.246986 3.240865 3.234591 3.228162 3.221577 3.214835 3.207935 3.200877 3.193662 3.186291 3.178767 3.171092 3.163269 3.155301 3.147195 3.138955 3.130588 3.1221 3.1135 3.104797 3.096 3.087121 3.078169 3.06916 3.060105 3.05102 3.04192 3.032823
3.397123 3.393404 3.389693 3.385986 3.382282 3.378576 3.374867 3.371149 3.36742 3.363674 3.359906 3.356113 3.352288 3.348427 3.344523 3.340572 3.336567 3.332502 3.328372 3.324171 3.319892 3.31553 3.311079 3.306532 3.301885 3.297132 3.292266 3.287284 3.282179 3.276947 3.271584 3.266085 3.260446 3.254663 3.248733 3.242654 3.236422 3.230036 3.223495 3.216796 3.209941 3.202928 3.195758 3.188433 3.180954 3.173324 3.165546 3.157624 3.149562 3.141367 3.133044 3.124599 3.116043 3.107382 3.098626 3.089786 3.080874 3.071902 3.062884 3.053834 3.044767 3.035701 3.026653
3.394235 3.390538 3.386845 3.383156 3.379466 3.375772 3.372071 3.368358 3.36463 3.360881 3.357107 3.353303 3.349463 3.345581 3.341652 3.337671 3.333631 3.329527 3.325353 3.321102 3.316769 3.312347 3.307832 3.303217 3.298496 3.293665 3.288718 3.283649 3.278454 3.273129 3.267668 3.262069 3.256326 3.250438 3.244401 3.238212 3.231869 3.225371 3.218717 3.211906 3.204938 3.197814 3.190534 3.183101 3.175517 3.167784 3.159908 3.151892 3.143741 3.135463 3.127063 3.118549 3.109931 3.101217 3.092417 3.083545 3.074611 3.06563 3.056615 3.047582 3.038547 3.029529 3.020546
3.391344 3.387665 3.38399 3.380315 3.376637 3.372952 3.369256 3.365545 3.361815 3.35806 3.354275 3.350456 3.346596 3.34269 3.338732 3.334718 3.330639 3.326491 3.322268 3.317964 3.313573 3.309088 3.304506 3.299818 3.295021 3.290109 3.285076 3.279918 3.274631 3.269209 3.263649 3.257948 3.252101 3.246105 3.239959 3.23366 3.227207 3.220597 3.213831 3.206908 3.19983 3.192596 3.185209 3.177671 3.169984 3.162154 3.154183 3.146078 3.137845 3.129489 3.121019 3.112444 3.103772 3.095014 3.086181 3.077286 3.068342 3.059363 3.050364 3.041362 3.032374 3.023419 3.014516
3.388446 3.384785 3.381124 3.377461 3.373792 3.370113 3.366419 3.362707 3.358971 3.355206 3.351407 3.347569 3.343685 3.339751 3.335761 3.331708 3.327587 3.323392 3.319117 3.314755 3.310302 3.305751 3.301097 3.296334 3.291456 3.28646 3.28134 3.27609 3.270708 3.265188 3.259527 3.253721 3.247769 3.241666 3.23541 3.229001 3.222436 3.215715 3.208838 3.201806 3.194618 3.187277 3.179785 3.172146 3.164361 3.156437 3.148378 3.140189 3.131879 3.123453 3.114921 3.106292 3.097575 3.088784 3.079928 3.071021 3.062078 3.053114 3.044144 3.035187 3.026261 3.017385 3.00858
3.385541 3.381895 3.378247 3.374593 3.370929 3.367253 3.363558 3.35984 3.356095 3.352316 3.3485 3.344639 3.340728 3.336762 3.332735 3.32864 3.324473 3.320226 3.315895 3.311472 3.306953 3.302332 3.297603 3.292762 3.287801 3.282718 3.277507 3.272164 3.266684 3.261064 3.2553 3.24939 3.24333 3.237118 3.230753 3.224234 3.217559 3.210728 3.203741 3.1966 3.189306 3.181861 3.174268 3.166531 3.158653 3.15064 3.142497 3.134231 3.12585 3.117362 3.108776 3.100102 3.091351 3.082535 3.073666 3.06476 3.055831 3.046895 3.037969 3.029072 3.020223 3.011442 3.002752
3.382626 3.378992 3.375353 3.371706 3.368046 3.364368 3.360669 3.356943 3.353184 3.349388 3.34555 3.341662 3.337721 3.333719 3.329651 3.325511 3.321293 3.316991 3.3126 3.308113 3.303525 3.29883 3.294024 3.2891 3.284054 3.278881 3.273577 3.268137 3.262558 3.256837 3.250969 3.244952 3.238785 3.232465 3.225991 3.219361 3.212576 3.205637 3.198542 3.191295 3.183897 3.176351 3.168661 3.16083 3.152863 3.144767 3.136547 3.128211 3.119767 3.111225 3.102593 3.093883 3.085107 3.076278 3.067409 3.058515 3.049613 3.040719 3.031852 3.02303 3.014275 3.005607 2.997051
3.379699 3.376075 3.372442 3.368798 3.365138 3.361457 3.357749 3.354011 3.350236 3.346419 3.342555 3.338637 3.334661 3.330619 3.326506 3.322317 3.318045 3.313684 3.309229 3.304675 3.300014 3.295243 3.290355 3.285347 3.280212 3.274948 3.269548 3.264011 3.258331 3.252506 3.246533 3.24041 3.234135 3.227706 3.221123 3.214385 3.207491 3.200444 3.193244 3.185894 3.178396 3.170753 3.162969 3.155049 3.146999 3.138825 3.130535 3.122136 3.113637 3.105048 3.09638 3.087645 3.078855 3.070024 3.061167 3.052299 3.043437 3.0346 3.025807 3.017077 3.008433 2.999897 2.991493
3.376757 3.37314 3.369512 3.365868 3.362204 3.358515 3.354796 3.351042 3.347247 3.343405 3.339512 3.33556 3.331545 3.32746 3.323299 3.319056 3.314726 3.310303 3.305782 3.301155 3.296419 3.291568 3.286597 3.281501 3.276276 3.270917 3.26542 3.259783 3.254001 3.248072 3.241994 3.235764 3.229381 3.222843 3.216152 3.209306 3.202306 3.195154 3.187851 3.180401 3.172805 3.165069 3.157197 3.149194 3.141067 3.132822 3.124468 3.116014 3.107468 3.098843 3.090149 3.081398 3.072606 3.063785 3.054952 3.046123 3.037317 3.028552 3.019849 3.011228 3.002713 2.994327 2.986095
3.373798 3.370185 3.366558 3.362911 3.359241 3.355541 3.351807 3.348034 3.344215 3.340345 3.336418 3.332428 3.328371 3.324238 3.320025 3.315726 3.311335 3.306846 3.302254 3.297553 3.292738 3.287805 3.282747 3.277561 3.272243 3.266788 3.261193 3.255454 3.249569 3.243536 3.237351 3.231014 3.224523 3.217878 3.21108 3.204128 3.197023 3.189769 3.182366 3.174819 3.16713 3.159306 3.15135 3.14327 3.135072 3.126763 3.118354 3.109852 3.101269 3.092617 3.083907 3.075153 3.06637 3.057572 3.048777 3.040002 3.031266 3.02259 3.013994 3.0055 2.997132 2.988916 2.980878
3.37082 3.367208 3.363579 3.359926 3.356245 3.352532 3.348779 3.344983 3.341136 3.337234 3.33327 3.329239 3.325135 3.320951 3.316683 3.312324 3.307868 3.30331 3.298644 3.293866 3.28897 3.283951 3.278805 3.273527 3.268114 3.262561 3.256866 3.251024 3.245035 3.238896 3.232605 3.226161 3.219564 3.212813 3.205909 3.198853 3.191647 3.184292 3.176793 3.169153 3.161377 3.153469 3.145436 3.137284 3.129022 3.120657 3.1122 3.103661 3.09505 3.086381 3.077667 3.068921 3.060159 3.051398 3.042655 3.033949 3.0253 3.016728 3.008257 2.999909 2.991709 2.983683 2.975858
3.367819 3.364206 3.360571 3.356909 3.353215 3.349484 3.345709 3.341886 3.338008 3.33407 3.330066 3.32599 3.321836 3.317598 3.31327 3.308847 3.304323 3.299693 3.294951 3.290092 3.285112 3.280006 3.274768 3.269397 3.263886 3.258235 3.252438 3.246494 3.2404 3.234156 3.227759 3.221209 3.214506 3.20765 3.200642 3.193485 3.186179 3.178729 3.171137 3.163409 3.155549 3.147564 3.139459 3.131243 3.122925 3.114512 3.106017 3.097449 3.088821 3.080146 3.071438 3.062713 3.053986 3.045276 3.0366 3.027979 3.019433 3.010984 3.002656 2.994472 2.98646 2.978646 2.971058
