testfiles/govdocs/026/026264.txt
ncols         504
nrows         762
xllcorner     1349722.625
yllcorner     1644535.458356
cellsize      1000
NODATA_value  -9999
[rows 112 to 139 of 762, columns 441 to 503 of 504]
3.649186 3.64859 3.647959 3.647292 3.646586 3.645839 3.645047 3.644209 3.643323 3.642385 3.641394 3.640347 3.639243 3.638078 3.636851 3.635558 3.6342 3.632772 3.631273 3.629701 3.628054 3.62633 3.624527 3.622643 3.620677 3.618625 3.616488 3.614263 3.611949 3.609543 3.607045 3.604453 3.601766 3.598982 3.5961 3.593119 3.590038 3.586855 3.583571 3.580183 3.576691 3.573094 3.569393 3.565585 3.561671 3.55765 3.553521 3.549286 3.544943 3.540492 3.536017 3.532056 3.528651 3.525732 3.523233 3.521087 3.519227 3.517589 3.516108 3.514718 3.513357 3.511961 3.510469
3.651904 3.65133 3.650719 3.65007 3.649379 3.648643 3.647862 3.647031 3.64615 3.645215 3.644224 3.643175 3.642066 3.640893 3.639657 3.638353 3.63698 3.635536 3.634018 3.632426 3.630756 3.629007 3.627177 3.625265 3.623268 3.621184 3.619013 3.616752 3.6144 3.611956 3.609418 3.606784 3.604054 3.601227 3.5983 3.595273 3.592145 3.588916 3.585583 3.582148 3.578607 3.574962 3.571212 3.567356 3.563393 3.559325 3.555149 3.550867 3.546478 3.541999 3.537917 3.534404 3.53139 3.528807 3.526587 3.524662 3.522966 3.521433 3.519997 3.518594 3.517159 3.515629 3.51394
3.654623 3.654068 3.653474 3.652838 3.652158 3.651433 3.650658 3.649831 3.648952 3.648016 3.647022 3.645967 3.64485 3.643668 3.642419 3.6411 3.639711 3.638247 3.636709 3.635093 3.633398 3.631622 3.629763 3.627819 3.625789 3.623672 3.621464 3.619166 3.616775 3.61429 3.611711 3.609035 3.606261 3.603388 3.600416 3.597343 3.594168 3.590892 3.587511 3.584028 3.580439 3.576746 3.572948 3.569044 3.565035 3.56092 3.556698 3.552371 3.547939 3.543734 3.540111 3.536999 3.53433 3.532034 3.530042 3.528287 3.526701 3.525218 3.523771 3.522295 3.520726 3.519 3.517051
3.657339 3.656799 3.656219 3.655594 3.654922 3.654202 3.653431 3.652606 3.651724 3.650785 3.649785 3.648722 3.647594 3.646398 3.645134 3.643798 3.642388 3.640903 3.639341 3.637699 3.635976 3.63417 3.63228 3.630303 3.628239 3.626085 3.623839 3.621502 3.619071 3.616544 3.613922 3.611202 3.608383 3.605465 3.602447 3.599327 3.596106 3.592781 3.589354 3.585822 3.582186 3.578446 3.574601 3.570651 3.566596 3.562435 3.55817 3.553801 3.549504 3.545769 3.542558 3.539801 3.537427 3.535367 3.533551 3.53191 3.530378 3.528886 3.527369 3.52576 3.523994 3.522006 3.519732
3.660048 3.659522 3.658951 3.658333 3.657667 3.656949 3.656178 3.65535 3.654464 3.653518 3.652508 3.651434 3.650292 3.64908 3.647797 3.646441 3.645009 3.6435 3.641911 3.640241 3.638488 3.63665 3.634726 3.632714 3.630613 3.628421 3.626136 3.623758 3.621285 3.618716 3.616049 3.613285 3.61042 3.607457 3.604392 3.601225 3.597956 3.594585 3.59111 3.587531 3.583849 3.580062 3.576171 3.572176 3.568077 3.563874 3.559567 3.555227 3.551378 3.548065 3.545218 3.542765 3.540634 3.538756 3.53706 3.535477 3.53394 3.53238 3.53073 3.528923 3.526894 3.524578 3.521909
3.662749 3.66223 3.661666 3.661052 3.660388 3.659669 3.658895 3.658062 3.657168 3.656211 3.655189 3.6541 3.652941 3.651711 3.650407 3.649027 3.64757 3.646033 3.644416 3.642715 3.640929 3.639058 3.637098 3.635049 3.63291 3.630677 3.628352 3.625932 3.623415 3.620802 3.618091 3.615281 3.612371 3.60936 3.606249 3.603035 3.59972 3.596301 3.592779 3.589154 3.585426 3.581594 3.577659 3.573621 3.569479 3.565235 3.560901 3.556935 3.553519 3.550581 3.548047 3.545844 3.543901 3.542149 3.540515 3.53893 3.537326 3.535634 3.533787 3.531716 3.529356 3.526641 3.523505
3.665435 3.664922 3.664361 3.663748 3.663081 3.662359 3.661578 3.660736 3.659831 3.658861 3.657824 3.656717 3.655538 3.654286 3.652958 3.651552 3.650067 3.648501 3.646852 3.645119 3.643299 3.641391 3.639394 3.637306 3.635126 3.632853 3.630485 3.628021 3.625461 3.622802 3.620046 3.61719 3.614233 3.611176 3.608018 3.604757 3.601395 3.59793 3.594362 3.590692 3.586919 3.583044 3.579066 3.574986 3.570804 3.566522 3.56244 3.558919 3.555888 3.553271 3.550995 3.548987 3.547176 3.54549 3.543857 3.542208 3.540473 3.538583 3.53647 3.534066 3.531304 3.528117 3.52444
3.668105 3.667594 3.667032 3.666416 3.665745 3.665015 3.664224 3.66337 3.662451 3.661464 3.660408 3.659281 3.658079 3.656802 3.655448 3.654014 3.652499 3.650901 3.649218 3.647449 3.645592 3.643646 3.64161 3.639482 3.63726 3.634944 3.632532 3.630024 3.627419 3.624715 3.621912 3.619009 3.616007 3.612903 3.609698 3.606391 3.602982 3.599472 3.595859 3.592145 3.588329 3.584411 3.580392 3.576273 3.572054 3.567892 3.564264 3.561137 3.558436 3.556086 3.554012 3.552141 3.550401 3.54872 3.547025 3.545246 3.543314 3.541157 3.538708 3.535898 3.53266 3.528925 3.524802
3.670754 3.670241 3.669675 3.669054 3.668373 3.667633 3.666829 3.66596 3.665023 3.664017 3.662939 3.661788 3.660561 3.659257 3.657873 3.656408 3.65486 3.653228 3.65151 3.649704 3.647808 3.645823 3.643745 3.641574 3.639309 3.63695 3.634493 3.63194 3.629288 3.626539 3.623689 3.62074 3.61769 3.61454 3.611288 3.607936 3.604482 3.600927 3.59727 3.593513 3.589656 3.585698 3.581641 3.577484 3.573288 3.569552 3.566329 3.563543 3.561116 3.558975 3.557044 3.555249 3.553518 3.551776 3.549953 3.547976 3.545776 3.543281 3.540423 3.537132 3.53334 3.529233 3.525042
3.673378 3.672861 3.672288 3.671657 3.670964 3.670209 3.669389 3.668502 3.667545 3.666516 3.665414 3.664237 3.662981 3.661647 3.660231 3.658733 3.65715 3.655481 3.653725 3.651879 3.649943 3.647916 3.645796 3.643582 3.641273 3.638868 3.636366 3.633766 3.631068 3.628272 3.625376 3.622379 3.619283 3.616086 3.612789 3.609392 3.605894 3.602295 3.598597 3.594798 3.590901 3.586905 3.582812 3.578629 3.574783 3.571462 3.568589 3.566085 3.563875 3.561883 3.560033 3.55825 3.556461 3.554593 3.552572 3.550327 3.547786 3.544879 3.541535 3.537693 3.53361 3.529444 3.525201
3.675976 3.67545 3.674866 3.674222 3.673514 3.672742 3.671902 3.670993 3.670013 3.668959 3.667829 3.666622 3.665336 3.663969 3.662519 3.660985 3.659364 3.657657 3.655861 3.653974 3.651996 3.649925 3.647761 3.645502 3.643148 3.640697 3.638148 3.635502 3.632757 3.629914 3.626971 3.623928 3.620786 3.617543 3.614201 3.610759 3.607218 3.603578 3.599839 3.596002 3.592067 3.588036 3.583909 3.579955 3.576535 3.573573 3.570992 3.568712 3.566657 3.564751 3.562917 3.56108 3.559165 3.5571 3.55481 3.552222 3.549266 3.545868 3.54199 3.537931 3.533792 3.529578 3.525294
3.678542 3.678004 3.677406 3.676745 3.67602 3.675227 3.674364 3.673431 3.672424 3.671341 3.670181 3.668942 3.667623 3.66622 3.664733 3.663161 3.661501 3.659753 3.657915 3.655986 3.653964 3.651849 3.649639 3.647334 3.644933 3.642435 3.63984 3.637146 3.634355 3.631464 3.628474 3.625386 3.622198 3.618911 3.615525 3.61204 3.608457 3.604776 3.600999 3.597125 3.593155 3.589091 3.585068 3.581547 3.578496 3.575835 3.573485 3.571367 3.569403 3.567517 3.565632 3.563671 3.56156 3.559224 3.55659 3.553583 3.550132 3.546231 3.542197 3.538085 3.533901 3.529649 3.525333
3.681074 3.680521 3.679905 3.679224 3.678477 3.67766 3.676772 3.675811 3.674774 3.67366 3.672467 3.671194 3.669838 3.668398 3.666872 3.66526 3.663558 3.661768 3.659886 3.657912 3.655845 3.653684 3.651428 3.649076 3.646627 3.644082 3.641439 3.638699 3.635859 3.632922 3.629886 3.626752 3.623519 3.620188 3.61676 3.613234 3.609611 3.605892 3.602078 3.598169 3.594167 3.59012 3.586497 3.583356 3.580615 3.578193 3.576011 3.57399 3.572051 3.570116 3.568109 3.565952 3.56357 3.560888 3.557832 3.554327 3.550417 3.546408 3.542324 3.53817 3.53395 3.529668 3.525329
3.683568 3.682996 3.682359 3.681656 3.680883 3.68004 3.679123 3.678131 3.677062 3.675914 3.674685 3.673374 3.67198 3.6705 3.668933 3.667278 3.665533 3.663698 3.661771 3.659751 3.657638 3.655429 3.653126 3.650726 3.64823 3.645637 3.642946 3.640158 3.637272 3.634288 3.631207 3.628027 3.624751 3.621377 3.617907 3.614342 3.610681 3.606926 3.603078 3.599137 3.595111 3.591385 3.588152 3.58533 3.582836 3.58059 3.57851 3.576518 3.574533 3.572479 3.570276 3.567848 3.565118 3.562011 3.558452 3.554549 3.550565 3.546509 3.542385 3.538198 3.533951 3.529649 3.525295
3.686022 3.685427 3.684766 3.684036 3.683235 3.682362 3.681413 3.680387 3.679283 3.678098 3.676831 3.675481 3.674046 3.672523 3.670913 3.669214 3.667424 3.665543 3.663569 3.661502 3.65934 3.657084 3.654732 3.652284 3.64974 3.647098 3.64436 3.641524 3.638592 3.635562 3.632435 3.629212 3.625893 3.622479 3.618969 3.615366 3.611669 3.607881 3.604001 3.600032 3.59621 3.592885 3.58998 3.587413 3.585102 3.582963 3.580917 3.578883 3.576781 3.574532 3.572057 3.56928 3.566123 3.562509 3.558626 3.554667 3.55064 3.546546 3.542392 3.53818 3.533915 3.529601 3.525241
3.688431 3.687811 3.687122 3.686363 3.68553 3.684623 3.68364 3.682578 3.681435 3.680211 3.678904 3.677511 3.676033 3.674466 3.672811 3.671065 3.669228 3.6673 3.665278 3.663162 3.660952 3.658647 3.656246 3.653749 3.651156 3.648466 3.64568 3.642798 3.639819 3.636744 3.633574 3.630308 3.626948 3.623494 3.619947 3.616308 3.612578 3.608758 3.604851 3.60097 3.597552 3.594565 3.591924 3.589547 3.587349 3.585249 3.583165 3.581015 3.578719 3.576199 3.573374 3.570166 3.566509 3.562648 3.558716 3.554717 3.550654 3.546533 3.542357 3.53813 3.533856 3.529538 3.525179
3.690793 3.690144 3.689424 3.688632 3.687765 3.686822 3.685801 3.684699 3.683517 3.68225 3.6809 3.679463 3.677939 3.676326 3.674623 3.67283 3.670945 3.668967 3.666896 3.664731 3.662471 3.660116 3.657666 3.65512 3.652478 3.64974 3.646907 3.643978 3.640954 3.637835 3.634622 3.631315 3.627915 3.624424 3.620842 3.61717 3.613409 3.609562 3.605666 3.602154 3.599083 3.596369 3.593925 3.591668 3.589514 3.587379 3.585181 3.582839 3.580272 3.577399 3.574141 3.570454 3.566617 3.562711 3.558741 3.554709 3.550622 3.546482 3.542293 3.538059 3.533783 3.529469 3.525119
3.693105 3.692423 3.691669 3.690841 3.689937 3.688955 3.687893 3.68675 3.685524 3.684213 3.682817 3.681334 3.679762 3.678101 3.67635 3.674507 3.672572 3.670544 3.668422 3.666207 3.663897 3.661492 3.658992 3.656396 3.653706 3.650921 3.648041 3.645066 3.641998 3.638836 3.635581 3.632235 3.628798 3.625271 3.621656 3.617954 3.614166 3.610296 3.606689 3.603535 3.600746 3.598236 3.595919 3.59371 3.591525 3.58928 3.586892 3.584278 3.581358 3.578049 3.574345 3.570533 3.566653 3.562711 3.558712 3.554658 3.550554 3.546404 3.54221 3.537977 3.533708 3.529405 3.525071
3.695364 3.694646 3.693855 3.692988 3.692043 3.691019 3.689914 3.688726 3.687454 3.686097 3.684653 3.683121 3.681501 3.67979 3.677988 3.676094 3.674108 3.672029 3.669856 3.667589 3.665228 3.662773 3.660223 3.657579 3.65484 3.652008 3.649081 3.646062 3.642951 3.639747 3.636453 3.63307 3.629597 3.626038 3.622392 3.618663 3.614851 3.611159 3.60792 3.605057 3.60248 3.600103 3.59784 3.595604 3.593312 3.590877 3.588217 3.585249 3.581891 3.578183 3.574395 3.570542 3.56663 3.562662 3.558642 3.554575 3.550463 3.546311 3.542121 3.537896 3.53364 3.529356 3.525045
3.697566 3.69681 3.695978 3.695069 3.694081 3.693012 3.691861 3.690627 3.689307 3.687901 3.686407 3.684825 3.683153 3.68139 3.679536 3.677591 3.675552 3.673421 3.671196 3.668878 3.666466 3.66396 3.66136 3.658667 3.65588 3.653002 3.65003 3.646968 3.643814 3.640571 3.63724 3.633821 3.630316 3.626726 3.623054 3.6193 3.615561 3.612238 3.609299 3.606656 3.604219 3.601902 3.599616 3.597276 3.594795 3.59209 3.589075 3.585666 3.581969 3.578204 3.574378 3.570496 3.56656 3.562575 3.558544 3.554472 3.55036 3.546214 3.542035 3.537826 3.53359 3.52933 3.525048
3.69971 3.698912 3.698037 3.697083 3.696049 3.694933 3.693733 3.692449 3.691079 3.689621 3.688076 3.686441 3.684717 3.682901 3.680994 3.678995 3.676904 3.674719 3.672442 3.670072 3.667608 3.665052 3.662403 3.659661 3.656828 3.653903 3.650888 3.647784 3.64459 3.641309 3.637943 3.634491 3.630956 3.627339 3.623643 3.619896 3.616488 3.613475 3.610765 3.608268 3.605896 3.60356 3.601173 3.598647 3.595896 3.592834 3.589379 3.585702 3.581962 3.578163 3.57431 3.570407 3.566456 3.562463 3.558429 3.55436 3.550257 3.546123 3.541962 3.537776 3.533567 3.529338 3.525091
3.701793 3.70095 3.700028 3.699027 3.697943 3.696777 3.695527 3.694191 3.692768 3.691258 3.689659 3.68797 3.686191 3.684321 3.68236 3.680307 3.678161 3.675924 3.673594 3.671171 3.668656 3.66605 3.663352 3.660563 3.657683 3.654714 3.651657 3.648512 3.64528 3.641964 3.638564 3.635082 3.63152 3.62788 3.624164 3.620671 3.617582 3.614805 3.612249 3.609823 3.607438 3.605004 3.602433 3.599637 3.596529 3.593038 3.589383 3.585667 3.581896 3.578073 3.574202 3.570287 3.566331 3.562337 3.558309 3.55425 3.550163 3.546049 3.541913 3.537756 3.53358 3.529387 3.52518
3.703813 3.702921 3.70195 3.700898 3.699763 3.698545 3.697241 3.695851 3.694374 3.692809 3.691154 3.68941 3.687575 3.68565 3.683633 3.681525 3.679325 3.677034 3.67465 3.672176 3.66961 3.666954 3.664207 3.661371 3.658447 3.655435 3.652337 3.649154 3.645886 3.642537 3.639107 3.635598 3.632012 3.628352 3.624786 3.621622 3.618779 3.616163 3.613684 3.61125 3.608769 3.606153 3.603313 3.60016 3.596645 3.593012 3.589322 3.585578 3.581786 3.577947 3.574067 3.570149 3.566195 3.562209 3.558194 3.554153 3.550088 3.546001 3.541896 3.537773 3.533636 3.529485 3.525323
3.705766 3.704823 3.7038 3.702695 3.701506 3.700233 3.698873 3.697428 3.695894 3.694272 3.69256 3.690759 3.688868 3.686886 3.684813 3.682649 3.680395 3.678049 3.675613 3.673086 3.67047 3.667764 3.664971 3.662089 3.659122 3.656068 3.652931 3.649712 3.646411 3.643031 3.639574 3.636041 3.632436 3.628834 3.625595 3.622685 3.620011 3.617478 3.614995 3.612469 3.60981 3.606925 3.603727 3.600202 3.596591 3.592926 3.58921 3.585448 3.581643 3.577798 3.573917 3.570004 3.56606 3.562089 3.558095 3.554078 3.550041 3.545988 3.541919 3.537837 3.533743 3.529639 3.525526
3.707651 3.706654 3.705576 3.704415 3.70317 3.701839 3.700423 3.698919 3.697327 3.695647 3.693877 3.692018 3.690068 3.688029 3.685899 3.68368 3.68137 3.67897 3.676481 3.673903 3.671237 3.668483 3.665643 3.662718 3.659708 3.656615 3.653442 3.650188 3.646857 3.64345 3.639969 3.636416 3.632813 3.6295 3.626524 3.623791 3.621207 3.618675 3.616105 3.613402 3.610475 3.607233 3.603708 3.60012 3.59648 3.592792 3.589061 3.585288 3.581479 3.577636 3.573763 3.569862 3.565936 3.561988 3.55802 3.554034 3.550033 3.546018 3.541991 3.537954 3.533909 3.529852 3.525782
3.709465 3.708412 3.707276 3.706057 3.704753 3.703363 3.701887 3.700324 3.698672 3.696932 3.695103 3.693184 3.691176 3.689079 3.686892 3.684616 3.682251 3.679797 3.677255 3.674627 3.671911 3.669111 3.666226 3.663258 3.660208 3.657079 3.653871 3.650586 3.647227 3.643796 3.640295 3.636725 3.633337 3.630297 3.627506 3.624869 3.622291 3.619676 3.616931 3.613962 3.610677 3.607165 3.603599 3.599985 3.596325 3.592624 3.588885 3.585112 3.581307 3.577474 3.573616 3.569735 3.565834 3.561914 3.557979 3.55403 3.55007 3.546099 3.542119 3.538129 3.534127 3.530109 3.526073
3.711207 3.710095 3.708899 3.707619 3.706254 3.704803 3.703266 3.701641 3.699928 3.698127 3.696237 3.694258 3.692191 3.690035 3.687791 3.685458 3.683038 3.680531 3.677937 3.675258 3.672495 3.669649 3.666721 3.663713 3.660625 3.657461 3.654221 3.650909 3.647525 3.644073 3.640555 3.637109 3.634003 3.631155 3.628467 3.625843 3.623185 3.620398 3.617389 3.614066 3.610573 3.60703 3.603441 3.599809 3.596139 3.592434 3.588696 3.58493 3.581138 3.577322 3.573486 3.569632 3.565762 3.561877 3.557981 3.554075 3.55016 3.546236 3.542299 3.538348 3.534381 3.530395 3.526386
3.712875 3.711701 3.710443 3.7091 3.707673 3.706158 3.704558 3.70287 3.701094 3.699231 3.697279 3.69524 3.693113 3.690898 3.688596 3.686207 3.683732 3.681172 3.678528 3.6758 3.67299 3.6701 3.66713 3.664083 3.660961 3.657764 3.654496 3.651159 3.647755 3.644286 3.640813 3.637643 3.634739 3.632001 3.629331 3.626631 3.623805 3.620756 3.617405 3.613932 3.610412 3.606849 3.603246 3.599607 3.595935 3.592233 3.588506 3.584754 3.580982 3.577191 3.573384 3.569563 3.56573 3.561886 3.558034 3.554173 3.550302 3.546417 3.542516 3.538598 3.534659 3.530697 3.526708
