testfiles/govdocs/026/026264.txt
ncols         504
nrows         762
xllcorner     1349722.625
yllcorner     1644535.458356
cellsize      1000
NODATA_value  -9999
[rows 672 to 699 of 762, columns 0 to 62 of 504]
2.439055 2.432333 2.425758 2.419336 2.413068 2.406959 2.401012 2.395231 2.389618 2.384178 2.378913 2.373827 2.368923 2.364204 2.359674 2.355336 2.351193 2.347248 2.343505 2.339966 2.336634 2.333513 2.330605 2.327913 2.325441 2.323191 2.321167 2.31937 2.317803 2.31647 2.315374 2.314516 2.3139 2.313527 2.313401 2.313525 2.3139 2.314529 2.315414 2.316558 2.317963 2.319632 2.321566 2.323768 2.326239 2.328983 2.332 2.335294 2.338865 2.342716 2.346849 2.351265 2.355967 2.360919 2.36599 2.371163 2.376439 2.381816 2.387293 2.392868 2.398542 2.404312 2.410177
2.420293 2.413651 2.407164 2.400835 2.394668 2.388666 2.382833 2.377171 2.371684 2.366375 2.361248 2.356305 2.35155 2.346987 2.342617 2.338444 2.334472 2.330703 2.327139 2.323786 2.320643 2.317716 2.315007 2.312518 2.310252 2.308213 2.306402 2.304822 2.303477 2.302368 2.301497 2.300869 2.300484 2.300346 2.300457 2.300818 2.301433 2.302303 2.303432 2.304819 2.306469 2.308383 2.310563 2.313011 2.315729 2.318719 2.321982 2.32552 2.329335 2.333429 2.337803 2.342458 2.347292 2.352234 2.357281 2.362433 2.367689 2.373048 2.378509 2.38407 2.389731 2.395491 2.401346
2.401914 2.395365 2.388977 2.382754 2.376698 2.370814 2.365104 2.359572 2.354221 2.349053 2.344073 2.339282 2.334685 2.330283 2.326081 2.322081 2.318285 2.314697 2.31132 2.308156 2.305208 2.30248 2.299972 2.297688 2.295632 2.293804 2.292208 2.290846 2.289721 2.288835 2.28819 2.287789 2.287634 2.287726 2.288069 2.288665 2.289514 2.29062 2.291985 2.293609 2.295496 2.297647 2.300063 2.302747 2.3057 2.308923 2.312419 2.316189 2.320234 2.324555 2.329127 2.333826 2.338633 2.343549 2.348572 2.353703 2.358938 2.364279 2.369724 2.37527 2.380918 2.386666 2.392512
2.383936 2.377491 2.371213 2.365106 2.359173 2.353417 2.347841 2.342448 2.337241 2.332223 2.327398 2.322767 2.318334 2.314102 2.310074 2.306252 2.302639 2.299238 2.296051 2.293082 2.290331 2.287803 2.2855 2.283424 2.281577 2.279962 2.278581 2.277436 2.276531 2.275866 2.275444 2.275267 2.275337 2.275656 2.276226 2.277049 2.278127 2.279461 2.281054 2.282906 2.28502 2.287397 2.290039 2.292947 2.296122 2.299566 2.303281 2.307266 2.311525 2.31597 2.320528 2.325197 2.329977 2.334867 2.339866 2.344974 2.350189 2.355511 2.360938 2.366469 2.372104 2.377839 2.383675
2.366371 2.360041 2.353885 2.347905 2.342104 2.336486 2.331053 2.325808 2.320755 2.315895 2.311232 2.306768 2.302507 2.298451 2.294602 2.290964 2.287538 2.284328 2.281335 2.278562 2.276012 2.273687 2.271589 2.269721 2.268084 2.266681 2.265514 2.264585 2.263897 2.26345 2.263247 2.26329 2.26358 2.26412 2.264911 2.265954 2.267252 2.268806 2.270617 2.272687 2.275017 2.277608 2.280463 2.283581 2.286964 2.290614 2.294531 2.298696 2.302994 2.307407 2.311933 2.316573 2.321325 2.326189 2.331163 2.336248 2.341443 2.346745 2.352154 2.357669 2.363289 2.369012 2.374837
2.349233 2.34303 2.337005 2.331162 2.325504 2.320032 2.314751 2.309663 2.30477 2.300076 2.295582 2.291292 2.287208 2.283333 2.279669 2.276218 2.272983 2.269967 2.267171 2.264597 2.262249 2.260128 2.258235 2.256575 2.255147 2.253955 2.252999 2.252283 2.251807 2.251574 2.251585 2.251842 2.252346 2.253099 2.254103 2.255358 2.256867 2.25863 2.260648 2.262923 2.265457 2.268249 2.271302 2.274615 2.278191 2.282028 2.286059 2.290207 2.294471 2.29885 2.303345 2.307955 2.312679 2.317516 2.322465 2.327527 2.3327 2.337982 2.343372 2.348871 2.354475 2.360185 2.365998
2.332533 2.326467 2.320584 2.314887 2.30938 2.304064 2.298943 2.294019 2.289294 2.284771 2.280453 2.276343 2.272441 2.268751 2.265275 2.262016 2.258975 2.256155 2.253557 2.251184 2.249037 2.247119 2.245432 2.243977 2.242757 2.241772 2.241024 2.240516 2.240249 2.240224 2.240443 2.240906 2.241616 2.242574 2.243781 2.245237 2.246945 2.248905 2.251119 2.253586 2.256309 2.259287 2.262521 2.266013 2.269748 2.273623 2.277616 2.281726 2.285955 2.290301 2.294765 2.299344 2.304039 2.308849 2.313774 2.318811 2.323961 2.329223 2.334595 2.340076 2.345665 2.35136 2.35716
2.316282 2.310362 2.30463 2.299088 2.29374 2.288588 2.283634 2.278881 2.274331 2.269986 2.265849 2.261922 2.258207 2.254706 2.251422 2.248356 2.245511 2.242887 2.240488 2.238315 2.23637 2.234655 2.23317 2.231919 2.230901 2.23012 2.229576 2.22927 2.229205 2.229381 2.229799 2.230461 2.231367 2.23252 2.233918 2.235565 2.23746 2.239604 2.241997 2.244642 2.247537 2.250684 2.254082 2.257677 2.261392 2.265227 2.269182 2.273256 2.27745 2.281762 2.286193 2.290742 2.295408 2.300191 2.305089 2.310103 2.31523 2.32047 2.325823 2.331285 2.336858 2.342538 2.348325
2.300487 2.294723 2.28915 2.283772 2.278592 2.27361 2.26883 2.264254 2.259884 2.255722 2.25177 2.24803 2.244505 2.241196 2.238106 2.235235 2.232585 2.23016 2.227959 2.225985 2.224239 2.222723 2.221438 2.220386 2.219568 2.218984 2.218637 2.218527 2.218656 2.219024 2.219633 2.220483 2.221575 2.22291 2.224488 2.226311 2.228378 2.230691 2.233249 2.236053 2.239104 2.24239 2.245821 2.249374 2.253048 2.256843 2.26076 2.264797 2.268955 2.273234 2.277633 2.282151 2.286788 2.291542 2.296414 2.301403 2.306507 2.311725 2.317057 2.322501 2.328057 2.333721 2.339495
2.285156 2.279556 2.274151 2.268944 2.263937 2.259133 2.254533 2.250139 2.245953 2.241978 2.238215 2.234666 2.231333 2.228218 2.225322 2.222646 2.220193 2.217964 2.21596 2.214182 2.212633 2.211313 2.210223 2.209364 2.208739 2.208346 2.208189 2.208266 2.20858 2.209131 2.209919 2.210945 2.21221 2.213715 2.215459 2.217443 2.219666 2.222131 2.224836 2.227781 2.230922 2.234187 2.237574 2.241084 2.244717 2.248472 2.252351 2.256351 2.260474 2.264719 2.269084 2.273571 2.278178 2.282905 2.28775 2.292713 2.297793 2.302989 2.3083 2.313725 2.319263 2.324911 2.330669
2.270295 2.264867 2.259637 2.254607 2.249781 2.245159 2.240743 2.236536 2.232539 2.228754 2.225183 2.221826 2.218687 2.215765 2.213063 2.210582 2.208324 2.206289 2.204479 2.202894 2.201537 2.200407 2.199507 2.198836 2.198395 2.198186 2.198209 2.198464 2.198952 2.199674 2.200629 2.201819 2.203243 2.204902 2.206796 2.208924 2.211287 2.213884 2.21671 2.219682 2.222779 2.225998 2.229342 2.232809 2.236401 2.240116 2.243956 2.24792 2.252007 2.256217 2.26055 2.265005 2.269582 2.27428 2.279098 2.284035 2.289091 2.294264 2.299553 2.304958 2.310477 2.316109 2.321852
2.255907 2.250658 2.245609 2.240763 2.236123 2.231688 2.227461 2.223444 2.219639 2.216046 2.212668 2.209505 2.206558 2.203831 2.201322 2.199034 2.196967 2.195123 2.193503 2.192107 2.190936 2.189991 2.189272 2.18878 2.188516 2.18848 2.188673 2.189095 2.189745 2.190625 2.191734 2.193072 2.194639 2.196436 2.198462 2.200716 2.203199 2.205875 2.208676 2.211601 2.214651 2.217826 2.221126 2.224551 2.228101 2.231777 2.235578 2.239504 2.243555 2.247731 2.252031 2.256454 2.261 2.265669 2.270459 2.27537 2.280401 2.285551 2.290818 2.296202 2.301702 2.307316 2.313043
2.241996 2.236931 2.23207 2.227413 2.222962 2.218718 2.214684 2.21086 2.207248 2.203848 2.200663 2.197694 2.19494 2.192404 2.190087 2.187988 2.18611 2.184452 2.183016 2.181802 2.18081 2.180042 2.179497 2.179175 2.179077 2.179204 2.179555 2.18013 2.180928 2.181952 2.183198 2.184669 2.186363 2.188279 2.190417 2.192773 2.195278 2.197906 2.200659 2.203538 2.206542 2.209671 2.212928 2.216311 2.21982 2.223455 2.227218 2.231107 2.235121 2.239262 2.243528 2.247919 2.252435 2.257074 2.261836 2.26672 2.271725 2.276851 2.282096 2.287459 2.292939 2.298535 2.304245
2.22856 2.223687 2.219018 2.214553 2.210296 2.206247 2.202407 2.198777 2.195359 2.192153 2.189161 2.186383 2.183821 2.181474 2.179344 2.177431 2.175736 2.174259 2.173 2.171961 2.17114 2.170539 2.170157 2.169995 2.170052 2.170328 2.170824 2.171537 2.17247 2.17362 2.174988 2.176572 2.178372 2.180388 2.182592 2.184923 2.187377 2.189957 2.192662 2.195493 2.198452 2.201537 2.20475 2.20809 2.211558 2.215154 2.218877 2.222728 2.226707 2.230813 2.235045 2.239403 2.243887 2.248497 2.25323 2.258087 2.263066 2.268167 2.273389 2.27873 2.28419 2.289766 2.295458
2.215602 2.210924 2.20645 2.202182 2.198121 2.194268 2.190624 2.187189 2.183965 2.180952 2.178151 2.175563 2.173188 2.171026 2.169079 2.167346 2.165828 2.164524 2.163435 2.162561 2.161902 2.161458 2.161228 2.161213 2.161411 2.161823 2.162447 2.163284 2.164333 2.165592 2.167062 2.168741 2.170625 2.172657 2.174812 2.177092 2.179497 2.182028 2.184685 2.18747 2.190383 2.193424 2.196593 2.199891 2.203318 2.206873 2.210558 2.214371 2.218313 2.222384 2.226582 2.230907 2.23536 2.239938 2.244643 2.249472 2.254425 2.259501 2.264699 2.270017 2.275456 2.281013 2.286686
2.203117 2.198638 2.194364 2.190294 2.186431 2.182775 2.179326 2.176086 2.173055 2.170233 2.16762 2.165218 2.163026 2.161045 2.159274 2.157714 2.156364 2.155226 2.154297 2.153579 2.15307 2.15277 2.15268 2.152797 2.153122 2.153654 2.154391 2.155333 2.15648 2.157829 2.159379 2.161111 2.162968 2.164948 2.167053 2.169283 2.171638 2.174121 2.176731 2.17947 2.182337 2.185333 2.188459 2.191715 2.195101 2.198616 2.202262 2.206037 2.209943 2.213977 2.218141 2.222433 2.226854 2.231402 2.236077 2.240877 2.245803 2.250854 2.256027 2.261322 2.266739 2.272275 2.27793
2.191103 2.186826 2.182752 2.178883 2.175218 2.171759 2.168505 2.165457 2.162616 2.159982 2.157554 2.155333 2.153318 2.15151 2.149909 2.148514 2.147324 2.14634 2.145561 2.144986 2.144615 2.144447 2.144481 2.144716 2.145151 2.145785 2.146616 2.147645 2.148868 2.150285 2.151846 2.153528 2.155334 2.157263 2.159317 2.161497 2.163804 2.166239 2.168802 2.171494 2.174316 2.177268 2.180351 2.183564 2.186908 2.190384 2.19399 2.197728 2.201596 2.205595 2.209724 2.213983 2.218371 2.222888 2.227533 2.232305 2.237203 2.242227 2.247375 2.252647 2.258041 2.263556 2.269191
2.179553 2.17548 2.171608 2.167939 2.164473 2.161209 2.158148 2.15529 2.152636 2.150184 2.147935 2.145889 2.144045 2.142403 2.140962 2.139722 2.138682 2.137842 2.1372 2.136755 2.136508 2.136456 2.136598 2.136933 2.13746 2.138177 2.139083 2.140177 2.141441 2.142829 2.144338 2.145969 2.147722 2.149601 2.151605 2.153736 2.155995 2.158382 2.160898 2.163545 2.166322 2.16923 2.172269 2.17544 2.178743 2.182178 2.185746 2.189445 2.193276 2.197239 2.201333 2.205558 2.209913 2.214399 2.219013 2.223756 2.228626 2.233623 2.238746 2.243994 2.249365 2.254858 2.260472
2.168461 2.164592 2.160923 2.157453 2.154183 2.151113 2.148242 2.14557 2.143097 2.140823 2.138747 2.136868 2.135186 2.1337 2.13241 2.131314 2.130412 2.129702 2.129183 2.128854 2.128714 2.128761 2.128994 2.129411 2.13001 2.13079 2.131747 2.132846 2.134062 2.135398 2.136854 2.138434 2.140137 2.141965 2.14392 2.146002 2.148213 2.150553 2.153023 2.155623 2.158355 2.16122 2.164216 2.167345 2.170607 2.174002 2.17753 2.18119 2.184984 2.188911 2.19297 2.19716 2.201483 2.205936 2.21052 2.215233 2.220075 2.225044 2.230141 2.235363 2.24071 2.246181 2.251774
2.157818 2.154153 2.150685 2.147413 2.144336 2.141456 2.13877 2.136279 2.133981 2.131877 2.129966 2.128246 2.126716 2.125377 2.124225 2.123261 2.122483 2.121889 2.121478 2.121248 2.121198 2.121326 2.12163 2.122108 2.122757 2.123568 2.124497 2.125543 2.126707 2.127991 2.129397 2.130925 2.132578 2.134357 2.136263 2.138297 2.14046 2.142753 2.145177 2.147732 2.15042 2.15324 2.156193 2.15928 2.162501 2.165855 2.169344 2.172966 2.176723 2.180613 2.184636 2.188792 2.193081 2.197502 2.202054 2.206737 2.21155 2.216492 2.221562 2.226758 2.232081 2.237529 2.243099
2.147613 2.144151 2.140882 2.137804 2.134918 2.132222 2.129716 2.127398 2.125269 2.123327 2.121571 2.119999 2.118611 2.117405 2.116379 2.115533 2.114863 2.11437 2.114049 2.113901 2.113922 2.11411 2.114464 2.114981 2.115631 2.116394 2.117271 2.118265 2.119378 2.120611 2.121967 2.123445 2.125049 2.126779 2.128637 2.130623 2.132739 2.134985 2.137363 2.139873 2.142516 2.145293 2.148204 2.151248 2.154428 2.157742 2.161191 2.164775 2.168493 2.172346 2.176334 2.180455 2.184711 2.189099 2.193619 2.198272 2.203055 2.207968 2.21301 2.218181 2.223479 2.228902 2.23445
2.137835 2.134574 2.1315 2.128612 2.12591 2.123393 2.121059 2.118908 2.116939 2.115149 2.113537 2.112102 2.110843 2.109756 2.108842 2.108097 2.10752 2.107109 2.10686 2.106773 2.106845 2.107072 2.107446 2.107934 2.108533 2.109245 2.110071 2.111015 2.112078 2.113261 2.114567 2.115996 2.117551 2.119232 2.121042 2.122981 2.12505 2.12725 2.129583 2.132048 2.134647 2.13738 2.140248 2.143251 2.146389 2.149662 2.153072 2.156617 2.160298 2.164114 2.168066 2.172152 2.176373 2.180728 2.185216 2.189837 2.19459 2.199475 2.204489 2.209633 2.214905 2.220303 2.225828
2.12847 2.125405 2.122521 2.119818 2.117295 2.114949 2.112779 2.110785 2.108964 2.107316 2.105836 2.104525 2.10338 2.102399 2.101579 2.100919 2.100416 2.100068 2.099871 2.099824 2.099923 2.100146 2.100475 2.100913 2.101462 2.102123 2.1029 2.103794 2.104807 2.105941 2.107198 2.108579 2.110086 2.11172 2.113482 2.115374 2.117397 2.119551 2.121839 2.124259 2.126814 2.129504 2.132329 2.13529 2.138387 2.14162 2.144989 2.148496 2.152138 2.155917 2.159832 2.163883 2.16807 2.172391 2.176847 2.181437 2.186159 2.191014 2.196 2.201116 2.206361 2.211735 2.217235
2.119502 2.116628 2.11393 2.111404 2.109051 2.106868 2.104853 2.103005 2.101321 2.099801 2.09844 2.097238 2.096192 2.095299 2.094556 2.093962 2.093513 2.093206 2.093039 2.093005 2.093076 2.09325 2.09353 2.093919 2.094418 2.095031 2.095759 2.096604 2.097569 2.098655 2.099863 2.101197 2.102656 2.104243 2.105958 2.107804 2.109781 2.11189 2.114132 2.116508 2.11902 2.121666 2.124449 2.127367 2.130423 2.133616 2.136946 2.140413 2.144017 2.147759 2.151637 2.155653 2.159804 2.164092 2.168514 2.173072 2.177763 2.182588 2.187545 2.192633 2.197851 2.203198 2.208673
2.110914 2.108226 2.105704 2.103348 2.101156 2.099125 2.097254 2.09554 2.093981 2.092574 2.091317 2.090207 2.089242 2.088419 2.087734 2.087185 2.086769 2.086481 2.086307 2.08623 2.086253 2.08638 2.086612 2.086953 2.087405 2.08797 2.08865 2.089448 2.090365 2.091403 2.092564 2.09385 2.095263 2.096803 2.098472 2.100272 2.102204 2.104268 2.106466 2.108798 2.111265 2.113869 2.116609 2.119486 2.1225 2.125652 2.128942 2.13237 2.135936 2.13964 2.143482 2.147461 2.151578 2.155831 2.16022 2.164745 2.169405 2.174198 2.179126 2.184185 2.189375 2.194696 2.200145
2.102688 2.100176 2.097824 2.095628 2.093586 2.091696 2.089955 2.088362 2.086912 2.085603 2.084433 2.083398 2.082495 2.081722 2.081074 2.080547 2.080137 2.079823 2.079603 2.079481 2.079458 2.079539 2.079725 2.080019 2.080424 2.080942 2.081576 2.082326 2.083197 2.084188 2.085303 2.086543 2.087909 2.089403 2.091027 2.092782 2.094668 2.096687 2.098841 2.101129 2.103553 2.106114 2.108812 2.111647 2.11462 2.117732 2.120982 2.124371 2.127898 2.131564 2.135369 2.139311 2.143392 2.147611 2.151966 2.156458 2.161085 2.165848 2.170745 2.175775 2.180937 2.18623 2.191653
2.094802 2.092458 2.090265 2.088217 2.086314 2.084552 2.082927 2.081439 2.080082 2.078855 2.077753 2.076773 2.075912 2.075166 2.074531 2.073996 2.073548 2.07319 2.072927 2.07276 2.072693 2.072728 2.072869 2.073118 2.073478 2.07395 2.074538 2.075243 2.076067 2.077013 2.078082 2.079276 2.080597 2.082046 2.083624 2.085334 2.087176 2.089151 2.09126 2.093505 2.095886 2.098404 2.101059 2.103853 2.106785 2.109856 2.113066 2.116415 2.119904 2.123532 2.127299 2.131205 2.13525 2.139434 2.143754 2.148213 2.152808 2.157539 2.162404 2.167404 2.172537 2.177803 2.183198
2.087234 2.085048 2.083002 2.08109 2.079312 2.077663 2.076139 2.074739 2.073458 2.072292 2.071238 2.070292 2.06945 2.068707 2.068048 2.067472 2.066983 2.066584 2.066278 2.066068 2.065958 2.06595 2.066048 2.066252 2.066568 2.066996 2.067538 2.068198 2.068978 2.069879 2.070903 2.072052 2.073328 2.074732 2.076266 2.077931 2.079729 2.08166 2.083726 2.085928 2.088266 2.090741 2.093354 2.096106 2.098997 2.102027 2.105197 2.108507 2.111957 2.115546 2.119276 2.123145 2.127154 2.131302 2.135588 2.140012 2.144574 2.149272 2.154107 2.159076 2.164179 2.169416 2.174784
