testfiles/govdocs/026/026264.txt
ncols         504
nrows         762
xllcorner     1349722.625
yllcorner     1644535.458356
cellsize      1000
NODATA_value  -9999
[rows 0 to 27 of 762, columns 252 to 314 of 504]
4.74883 4.758315 4.767817 4.777326 4.786832 4.796325 4.805796 4.815231 4.824622 4.833954 4.843216 4.852396 4.861479 4.870453 4.879303 4.888013 4.896571 4.904959 4.913161 4.921163 4.928945 4.936492 4.943786 4.950807 4.957538 4.963959 4.970052 4.975794 4.981167 4.98615 4.99072 4.994855 4.998535 5.001736 5.004433 5.006605 5.008226 5.009273 5.009719 5.009541 5.00871 5.007201 5.004988 5.002042 4.998335 4.993841 4.988529 4.982371 4.975337 4.967534 4.959331 4.950742 4.941761 4.932383 4.922601 4.912412 4.901812 4.890797 4.879365 4.867514 4.855244 4.842553 4.829441
4.721881 4.731511 4.741163 4.750829 4.760499 4.770162 4.779809 4.789428 4.799009 4.808541 4.81801 4.827405 4.836712 4.845919 4.85501 4.863973 4.872791 4.881451 4.889936 4.898231 4.906318 4.91418 4.921801 4.929163 4.936246 4.943033 4.949504 4.955639 4.961419 4.966822 4.971828 4.976414 4.98056 4.984243 4.98744 4.990128 4.992282 4.993879 4.994894 4.995302 4.995077 4.994194 4.992626 4.990345 4.987325 4.983537 4.978954 4.973547 4.967286 4.960141 4.952197 4.943836 4.935089 4.925949 4.91641 4.906469 4.896119 4.885359 4.874185 4.862595 4.850586 4.838161 4.825316
4.694433 4.704197 4.71399 4.723801 4.733623 4.743445 4.753258 4.763051 4.772812 4.782532 4.792198 4.801798 4.811318 4.820747 4.830071 4.839275 4.848344 4.857265 4.866023 4.8746 4.882981 4.891149 4.899087 4.906779 4.914205 4.921347 4.928186 4.934703 4.940879 4.946693 4.952125 4.957152 4.961754 4.965909 4.969595 4.972788 4.975465 4.977602 4.979176 4.98016 4.980531 4.980263 4.979329 4.977704 4.975359 4.972268 4.968403 4.963736 4.958237 4.951878 4.944629 4.93655 4.928038 4.919137 4.909843 4.900151 4.890054 4.87955 4.868637 4.857309 4.845567 4.833409 4.820834
4.666511 4.676398 4.686319 4.696265 4.706228 4.716198 4.726166 4.736121 4.746053 4.75595 4.765802 4.775596 4.785319 4.79496 4.804504 4.813939 4.823249 4.832421 4.841439 4.850288 4.858953 4.867416 4.875661 4.883672 4.891429 4.898916 4.906114 4.913002 4.919564 4.925778 4.931624 4.937082 4.94213 4.946746 4.95091 4.954597 4.957787 4.960453 4.962574 4.964125 4.96508 4.965415 4.965106 4.964123 4.962443 4.960037 4.956879 4.95294 4.948193 4.942608 4.936156 4.928808 4.920603 4.911944 4.902897 4.893455 4.883614 4.873369 4.862717 4.851655 4.840181 4.828294 4.815992
4.638139 4.648137 4.658175 4.668245 4.678338 4.688445 4.698556 4.708663 4.718753 4.728817 4.738843 4.74882 4.758735 4.768577 4.778331 4.787985 4.797525 4.806937 4.816206 4.825316 4.834253 4.843 4.851542 4.85986 4.867938 4.875758 4.883303 4.890553 4.897489 4.904091 4.910341 4.916218 4.9217 4.926767 4.931397 4.935568 4.939258 4.942442 4.945099 4.947204 4.948733 4.949661 4.949963 4.949613 4.948585 4.946853 4.94439 4.941168 4.93716 4.932336 4.92667 4.920131 4.91269 4.904367 4.895567 4.886378 4.876793 4.866809 4.856422 4.845629 4.834425 4.822812 4.810786
4.609342 4.61944 4.629584 4.639766 4.649977 4.660209 4.670453 4.680699 4.690937 4.701156 4.711345 4.721494 4.731589 4.74162 4.751573 4.761436 4.771194 4.780834 4.790342 4.799703 4.808901 4.817921 4.826746 4.835361 4.843749 4.851892 4.859771 4.86737 4.87467 4.88165 4.888292 4.894576 4.900481 4.905987 4.911072 4.915715 4.919893 4.923584 4.926764 4.929412 4.931501 4.93301 4.933911 4.934181 4.933794 4.932723 4.930942 4.928425 4.925143 4.921069 4.916175 4.910432 4.903811 4.896282 4.887851 4.878916 4.86959 4.859869 4.849749 4.839226 4.828297 4.816959 4.805212
4.580146 4.590332 4.60057 4.610852 4.621171 4.631516 4.641881 4.652255 4.662629 4.672991 4.683332 4.693641 4.703906 4.714114 4.724255 4.734313 4.744279 4.754136 4.763871 4.77347 4.782917 4.792198 4.801297 4.810197 4.818882 4.827335 4.835539 4.843475 4.851125 4.858471 4.865494 4.872173 4.878489 4.884421 4.889949 4.895051 4.899706 4.903891 4.907583 4.91076 4.913399 4.915474 4.916963 4.91784 4.91808 4.917657 4.916546 4.91472 4.912152 4.908814 4.904679 4.899719 4.893904 4.887207 4.879596 4.871066 4.862001 4.852545 4.842694 4.832444 4.821791 4.810732 4.799267
4.550577 4.56084 4.57116 4.581531 4.591944 4.602392 4.612866 4.623356 4.633854 4.644348 4.654829 4.665286 4.675708 4.686082 4.696398 4.706642 4.716802 4.726864 4.736815 4.74664 4.756326 4.765856 4.775215 4.784389 4.793359 4.80211 4.810626 4.818887 4.826876 4.834575 4.841965 4.849028 4.855742 4.862088 4.868046 4.873595 4.878713 4.883379 4.88757 4.891265 4.894439 4.897069 4.899132 4.900602 4.901456 4.901669 4.901214 4.900065 4.898196 4.895581 4.892191 4.887999 4.882977 4.877097 4.870328 4.862642 4.854021 4.844833 4.835253 4.825278 4.814904 4.804128 4.792947
4.520663 4.53099 4.54138 4.551828 4.562325 4.572863 4.583434 4.594028 4.604638 4.615252 4.625861 4.636455 4.647021 4.65755 4.668029 4.678446 4.688789 4.699044 4.709198 4.719238 4.729148 4.738915 4.748523 4.757957 4.767201 4.776238 4.785052 4.793626 4.801942 4.809982 4.817727 4.825159 4.832259 4.839006 4.845382 4.851365 4.856933 4.862067 4.866744 4.870942 4.874638 4.877809 4.880432 4.882483 4.883937 4.88477 4.884957 4.884472 4.883289 4.881381 4.878722 4.875284 4.87104 4.865962 4.86002 4.853186 4.84543 4.836729 4.827423 4.817726 4.807633 4.797142 4.786249
4.490431 4.50081 4.511259 4.521771 4.532339 4.542955 4.553611 4.564299 4.575008 4.58573 4.596455 4.607172 4.617872 4.628543 4.639173 4.649751 4.660264 4.6707 4.681045 4.691286 4.70141 4.711401 4.721245 4.730927 4.740431 4.749742 4.758842 4.767715 4.776345 4.784712 4.7928 4.800589 4.808061 4.815197 4.821976 4.828379 4.834384 4.839972 4.845121 4.849809 4.854013 4.857711 4.86088 4.863497 4.865538 4.866977 4.867792 4.867955 4.867443 4.866228 4.864285 4.861586 4.858104 4.853813 4.848682 4.842685 4.835792 4.827973 4.8192 4.809783 4.799974 4.78977 4.779168
4.459908 4.470328 4.480823 4.491388 4.502015 4.512697 4.523426 4.534194 4.544991 4.555808 4.566637 4.577466 4.588287 4.599087 4.609856 4.620582 4.631253 4.641857 4.652381 4.662812 4.673135 4.683338 4.693405 4.703322 4.713074 4.722645 4.732019 4.741179 4.750108 4.75879 4.767207 4.775339 4.78317 4.79068 4.797849 4.804658 4.811088 4.817116 4.822722 4.827885 4.832583 4.836794 4.840496 4.843663 4.846275 4.848306 4.849733 4.850531 4.850674 4.850136 4.848893 4.846918 4.844183 4.840662 4.836328 4.831151 4.825103 4.818156 4.81028 4.801446 4.791924 4.78201 4.771702
4.429124 4.439572 4.450101 4.460707 4.471381 4.482117 4.492906 4.503742 4.514614 4.525515 4.536435 4.547365 4.558293 4.569211 4.580106 4.590967 4.601784 4.612543 4.623233 4.63384 4.644351 4.654752 4.66503 4.675169 4.685155 4.694973 4.704607 4.71404 4.723256 4.732239 4.740971 4.749433 4.757609 4.765479 4.773024 4.780226 4.787064 4.793518 4.799568 4.805192 4.810369 4.815078 4.819296 4.823 4.826168 4.828776 4.8308 4.832215 4.832998 4.833123 4.832564 4.831296 4.829292 4.826526 4.822969 4.818596 4.813378 4.807285 4.800291 4.792364 4.783476 4.773858 4.763846
4.398107 4.40857 4.419122 4.429756 4.440464 4.451242 4.46208 4.472971 4.483907 4.494879 4.505878 4.516894 4.527919 4.53894 4.549949 4.560934 4.571883 4.582785 4.593627 4.604398 4.615083 4.62567 4.636145 4.646493 4.656701 4.666752 4.676632 4.686325 4.695814 4.705084 4.714117 4.722895 4.731401 4.739617 4.747525 4.755105 4.762337 4.769202 4.775681 4.781751 4.787393 4.792584 4.797303 4.801528 4.805237 4.808405 4.81101 4.813028 4.814435 4.815205 4.815314 4.814737 4.813447 4.811419 4.808624 4.805037 4.800631 4.795376 4.789244 4.782208 4.774237 4.765302 4.755597
4.366885 4.377352 4.387914 4.398564 4.409296 4.420103 4.430977 4.441911 4.452898 4.463928 4.474994 4.486085 4.497192 4.508306 4.519415 4.53051 4.541579 4.552611 4.563593 4.574514 4.585361 4.59612 4.606778 4.617322 4.627737 4.638008 4.64812 4.658059 4.667808 4.67735 4.68667 4.69575 4.704573 4.71312 4.721375 4.729318 4.73693 4.744192 4.751083 4.757585 4.763675 4.769334 4.774539 4.77927 4.783503 4.787216 4.790386 4.79299 4.795003 4.796403 4.797163 4.797259 4.796667 4.795358 4.793309 4.790491 4.786878 4.782442 4.777156 4.770991 4.763919 4.75591 4.746935
4.335488 4.345947 4.356507 4.367161 4.377903 4.388727 4.399625 4.410591 4.421616 4.432693 4.443812 4.454965 4.466143 4.477335 4.488533 4.499725 4.510901 4.522049 4.533159 4.544217 4.555211 4.566129 4.576957 4.587683 4.598291 4.608769 4.6191 4.629271 4.639264 4.649065 4.658658 4.668025 4.67715 4.686015 4.694602 4.702892 4.710869 4.718512 4.725801 4.732718 4.739242 4.745352 4.751027 4.756247 4.760988 4.765229 4.768948 4.772121 4.774725 4.776737 4.778131 4.778884 4.77897 4.778365 4.777041 4.774975 4.772137 4.768503 4.764043 4.758731 4.752539 4.745437 4.737396
4.303945 4.314384 4.32493 4.335577 4.346317 4.357146 4.368056 4.37904 4.390091 4.401202 4.412362 4.423565 4.434801 4.44606 4.457333 4.468609 4.479878 4.49113 4.502353 4.513535 4.524663 4.535727 4.546712 4.557605 4.568394 4.579063 4.5896 4.599988 4.610212 4.620257 4.630108 4.639748 4.649159 4.658326 4.66723 4.675854 4.68418 4.692188 4.69986 4.707177 4.714118 4.720663 4.726792 4.732484 4.737718 4.74247 4.746721 4.750446 4.753623 4.756229 4.75824 4.759632 4.760379 4.760458 4.759844 4.758509 4.756429 4.753576 4.749924 4.745446 4.740113 4.733899 4.726773
4.272285 4.282693 4.293213 4.30384 4.314567 4.325388 4.336298 4.347289 4.358354 4.369485 4.380675 4.391914 4.403195 4.414507 4.425843 4.437191 4.448541 4.459883 4.471206 4.482498 4.493748 4.504943 4.516071 4.527119 4.538073 4.548921 4.559648 4.570239 4.580679 4.590954 4.601048 4.610946 4.620629 4.630083 4.639289 4.648231 4.65689 4.665248 4.673287 4.680987 4.688329 4.695293 4.70186 4.708008 4.713716 4.718964 4.723729 4.727989 4.731721 4.734904 4.737514 4.739526 4.740917 4.741662 4.741737 4.741116 4.739773 4.737683 4.734819 4.731155 4.726663 4.721315 4.715084
4.24054 4.250905 4.261386 4.271981 4.282682 4.293485 4.304382 4.315368 4.326434 4.337574 4.34878 4.360044 4.371357 4.38271 4.394095 4.405501 4.416919 4.428339 4.439748 4.451138 4.462494 4.473808 4.485065 4.496253 4.50736 4.518371 4.529274 4.540054 4.550696 4.561186 4.571509 4.581649 4.591589 4.601315 4.610808 4.620051 4.629028 4.63772 4.64611 4.654177 4.661904 4.669271 4.676258 4.682844 4.689011 4.694735 4.699997 4.704774 4.709045 4.712787 4.715976 4.718591 4.720606 4.721999 4.722744 4.722817 4.722193 4.720847 4.718751 4.71588 4.712208 4.707707 4.70235
4.208737 4.219047 4.22948 4.240031 4.250695 4.261467 4.272339 4.283307 4.294362 4.305499 4.316709 4.327984 4.339317 4.350699 4.36212 4.373572 4.385045 4.396528 4.408011 4.419484 4.430935 4.442352 4.453725 4.465039 4.476284 4.487445 4.49851 4.509464 4.520293 4.530984 4.54152 4.551888 4.562069 4.572051 4.581815 4.591345 4.600624 4.609633 4.618357 4.626775 4.63487 4.642622 4.650013 4.657022 4.663628 4.669813 4.675554 4.68083 4.685621 4.689903 4.693654 4.696852 4.699473 4.701494 4.70289 4.703638 4.703713 4.703089 4.701742 4.699645 4.696772 4.693097 4.688591
4.176908 4.187151 4.197523 4.208019 4.218634 4.229362 4.240199 4.251137 4.262169 4.27329 4.284492 4.295767 4.307107 4.318504 4.329949 4.341434 4.352948 4.364482 4.376026 4.387568 4.3991 4.410608 4.422082 4.433509 4.444877 4.456174 4.467386 4.4785 4.489501 4.500377 4.511112 4.521692 4.5321 4.542322 4.552341 4.562141 4.571706 4.581017 4.590058 4.598811 4.607257 4.615378 4.623155 4.630568 4.637598 4.644225 4.650427 4.656185 4.661476 4.66628 4.670574 4.674336 4.677544 4.680173 4.682201 4.683605 4.684358 4.684437 4.683817 4.682473 4.680378 4.677507 4.673833
4.145081 4.155246 4.165546 4.175976 4.186531 4.197205 4.207993 4.218889 4.229887 4.24098 4.252162 4.263423 4.274758 4.286159 4.297615 4.309119 4.320662 4.332233 4.343824 4.355424 4.367022 4.378607 4.390168 4.401694 4.413172 4.42459 4.435935 4.447194 4.458353 4.469399 4.480317 4.491094 4.501713 4.51216 4.522418 4.532473 4.542307 4.551904 4.561246 4.570316 4.579097 4.587569 4.595715 4.603515 4.61095 4.618 4.624646 4.630866 4.63664 4.641947 4.646765 4.651073 4.654847 4.658066 4.660706 4.662743 4.664155 4.664916 4.665003 4.66439 4.663052 4.660964 4.658099
4.113286 4.123363 4.13358 4.143932 4.154415 4.165023 4.175752 4.186594 4.197546 4.2086 4.219748 4.230985 4.242302 4.253693 4.265148 4.276659 4.288218 4.299814 4.311439 4.323081 4.334733 4.346382 4.358016 4.369627 4.3812 4.392725 4.404188 4.415577 4.426879 4.438081 4.449168 4.460125 4.47094 4.481596 4.492078 4.502371 4.512458 4.522324 4.53195 4.541321 4.550419 4.559226 4.567723 4.575892 4.583714 4.591171 4.598241 4.604905 4.611144 4.616934 4.622257 4.62709 4.631412 4.6352 4.638431 4.641082 4.643132 4.644554 4.645327 4.645423 4.644821 4.643494 4.641415
4.081554 4.091532 4.101655 4.111918 4.122317 4.132849 4.143506 4.154284 4.165178 4.17618 4.187284 4.198484 4.209772 4.22114 4.232581 4.244087 4.255648 4.267256 4.278902 4.290575 4.302266 4.313964 4.325659 4.33734 4.348995 4.360612 4.37218 4.383685 4.395115 4.406456 4.417696 4.428821 4.439815 4.450664 4.461354 4.471869 4.482193 4.492311 4.502205 4.511859 4.521257 4.53038 4.539211 4.547732 4.555923 4.563767 4.571244 4.578333 4.585017 4.591272 4.59708 4.602419 4.607268 4.611605 4.615407 4.618652 4.621318 4.623381 4.624817 4.625602 4.625713 4.625124 4.62381
4.049913 4.059781 4.069799 4.079963 4.090269 4.100712 4.111288 4.12199 4.132813 4.143753 4.1548 4.165951 4.177197 4.188532 4.199947 4.211434 4.222986 4.234593 4.246246 4.257936 4.269654 4.281389 4.29313 4.304868 4.31659 4.328285 4.339942 4.351549 4.363092 4.374559 4.385937 4.397212 4.40837 4.419397 4.430278 4.440999 4.451544 4.461897 4.472042 4.481964 4.491644 4.501066 4.510213 4.519067 4.52761 4.535823 4.543687 4.551183 4.558292 4.564993 4.571267 4.577092 4.582448 4.587313 4.591665 4.595483 4.598744 4.601426 4.603504 4.604956 4.605758 4.605885 4.605313
4.018393 4.028141 4.038044 4.048099 4.0583 4.068644 4.079126 4.089742 4.100484 4.111349 4.12233 4.13342 4.144613 4.155901 4.167277 4.178735 4.190264 4.201857 4.213506 4.2252 4.236931 4.248689 4.260463 4.272243 4.284019 4.295778 4.307511 4.319204 4.330845 4.342423 4.353923 4.365334 4.376641 4.387829 4.398887 4.409797 4.420546 4.431118 4.441497 4.451668 4.461614 4.471318 4.480763 4.489933 4.498808 4.507371 4.515604 4.523488 4.531003 4.53813 4.544849 4.55114 4.556983 4.562356 4.567238 4.571608 4.575443 4.578721 4.581419 4.583516 4.584986 4.585806 4.585953
3.987023 3.996641 4.006419 4.016354 4.02644 4.036675 4.047054 4.057571 4.068223 4.079002 4.089903 4.100922 4.112049 4.12328 4.134606 4.14602 4.157515 4.169082 4.180713 4.192399 4.20413 4.215897 4.227691 4.239501 4.251316 4.263125 4.274919 4.286684 4.298409 4.310082 4.321691 4.333221 4.344661 4.355996 4.367213 4.378296 4.389233 4.400007 4.410604 4.421007 4.431201 4.441169 4.450894 4.460361 4.469551 4.478446 4.487029 4.495281 4.503183 4.510716 4.517861 4.524599 4.530907 4.536767 4.542158 4.547058 4.551445 4.555299 4.558596 4.561314 4.56343 4.564921 4.565763
3.955831 3.96531 3.974954 3.984758 3.99472 4.004836 4.0151 4.025509 4.036058 4.046741 4.057553 4.068488 4.079539 4.090701 4.101964 4.113325 4.124773 4.136302 4.147902 4.159566 4.171285 4.183049 4.194848 4.206674 4.218515 4.230361 4.242201 4.254025 4.265819 4.277573 4.289274 4.30091 4.312467 4.323932 4.335292 4.346533 4.357641 4.368601 4.379397 4.390016 4.40044 4.410655 4.420643 4.430389 4.439875 4.449083 4.457997 4.466598 4.474867 4.482788 4.490338 4.497501 4.504256 4.510582 4.51646 4.521869 4.526787 4.531194 4.535067 4.538384 4.541123 4.543261 4.544775
3.924846 3.934177 3.943676 3.953342 3.96317 3.973156 3.983296 3.993587 4.004023 4.0146 4.025311 4.036151 4.047115 4.058196 4.069386 4.08068 4.09207 4.103548 4.115106 4.126736 4.13843 4.150177 4.16197 4.173798 4.185652 4.19752 4.209394 4.22126 4.233109 4.244929 4.256708 4.268434 4.280093 4.291673 4.303161 4.314544 4.325806 4.336935 4.347915 4.358731 4.369369 4.379812 4.390045 4.400052 4.409815 4.419318 4.428544 4.437475 4.446093 4.454379 4.462316 4.469884 4.477064 4.483836 4.49018 4.496076 4.501503 4.506441 4.510868 4.514761 4.5181 4.520862 4.523024
