testfiles/govdocs/026/026546.txt
* Sea-Bird SBE 9 Data File:
* FileName = C:\Program Files\Sea-Bird\Seasave-Win32\KA10081.dat
* Software Version Seasave Win32 V 5.37m
* Temperature SN = 4638
* Conductivity SN = 3278
* Number of Bytes Per Scan = 27
* Number of Voltage Words = 3
* Number of Scans Averaged by the Deck Unit = 1
* NMEA Latitude = 00 59.56 N
* NMEA Longitude = 110 10.48 W
* NMEA UTC (Time) = Apr 11 2007  02:39:19
** Ship:       KA'IMIMOANA
** Cruise:     KA_07_01 GP1
** Station:    008
** Latitude:   1N
** Longitude:  110W
# nquan = 13
# nvalues = 2002                        
# units = specified
# name 0 = scan: Scan Count
# name 1 = timeS: Time, Elapsed [seconds]
# name 2 = prDM: Pressure, Digiquartz [db]
# name 3 = t068C: Temperature [ITS-68, deg C]
# name 4 = t168C: Temperature, 2 [ITS-68, deg C]
# name 5 = c0mS/cm: Conductivity [mS/cm]
# name 6 = c1mS/cm: Conductivity, 2 [mS/cm]
# name 7 = v0: Voltage 0
# name 8 = v1: Voltage 1
# name 9 = v2: Voltage 2
# name 10 = sal00: Salinity [PSU]
# name 11 = sal11: Salinity, 2 [PSU]
# name 12 = flag: flag
# span 0 =        266,      71975       
# span 1 =     11.058,   2998.907       
# span 2 =      1.000,   1002.000       
# span 3 =     4.5183,    26.5608       
# span 4 =     4.5195,    26.4573       
# span 5 =  33.083435,  54.792000       
# span 6 =  33.088490,  54.685429       
# span 7 =     0.0000,     0.0000       
# span 8 =     0.0000,     0.0000       
# span 9 =     4.3521,     4.6079       
# span 10 =    34.5444,    35.0651      
# span 11 =    34.5480,    35.0710      
# span 12 = 0.0000e+00, 0.0000e+00      
# interval = decibars: 1                
# start_time = Apr 11 2007 03:39:33
# bad_flag = -9.990e-29
*END*
[from data line 667]
      20082    836.713    669.000     6.2125     6.2127  34.460995  34.465446     0.0000     0.0000     4.6045    34.5543    34.5591 0.0000e+00
      20103    837.567    670.000     6.2100     6.2100  34.458977  34.462734     0.0000     0.0000     4.6045    34.5542    34.5583 0.0000e+00
      20130    838.709    671.000     6.1871     6.1872  34.437851  34.441307     0.0000     0.0000     4.6055    34.5532    34.5570 0.0000e+00
      20160    839.948    672.000     6.1707     6.1710  34.423454  34.427380     0.0000     0.0000     4.6043    34.5532    34.5573 0.0000e+00
      20184    840.950    673.000     6.1564     6.1563  34.410606  34.413853     0.0000     0.0000     4.6047    34.5528    34.5566 0.0000e+00
      20205    841.834    674.000     6.1438     6.1437  34.399464  34.402966     0.0000     0.0000     4.6039    34.5526    34.5567 0.0000e+00
      20226    842.690    675.000     6.1350     6.1351  34.391705  34.395790     0.0000     0.0000     4.6052    34.5523    34.5569 0.0000e+00
      20247    843.563    676.000     6.1282     6.1289  34.385864  34.390224     0.0000     0.0000     4.6053    34.5522    34.5564 0.0000e+00
      20269    844.495    677.000     6.1192     6.1202  34.378071  34.382782     0.0000     0.0000     4.6055    34.5521    34.5563 0.0000e+00
      20295    845.597    678.000     6.1080     6.1086  34.367996  34.372402     0.0000     0.0000     4.6047    34.5517    34.5560 0.0000e+00
      20333    847.180    679.000     6.0976     6.0987  34.358704  34.363815     0.0000     0.0000     4.6045    34.5514    34.5559 0.0000e+00
      20372    848.792    680.000     6.0822     6.0823  34.345154  34.348473     0.0000     0.0000     4.6052    34.5512    34.5548 0.0000e+00
      20400    849.945    681.000     6.0622     6.0616  34.327175  34.329556     0.0000     0.0000     4.6053    34.5509    34.5541 0.0000e+00
      20424    850.939    682.000     6.0367     6.0365  34.304806  34.308277     0.0000     0.0000     4.6051    34.5511    34.5552 0.0000e+00
      20446    851.879    683.000     6.0192     6.0188  34.289177  34.292118     0.0000     0.0000     4.6042    34.5508    34.5545 0.0000e+00
      20468    852.772    684.000     6.0083     6.0084  34.279957  34.284184     0.0000     0.0000     4.6052    34.5511    34.5557 0.0000e+00
      20488    853.620    685.000     6.0073     6.0076  34.279606  34.284119     0.0000     0.0000     4.6052    34.5512    34.5560 0.0000e+00
      20508    854.462    686.000     6.0073     6.0075  34.280273  34.284714     0.0000     0.0000     4.6052    34.5514    34.5562 0.0000e+00
      20530    855.389    687.000     6.0054     6.0056  34.278881  34.283230     0.0000     0.0000     4.6050    34.5514    34.5560 0.0000e+00
      20559    856.579    688.000     6.0024     6.0026  34.276459  34.280693     0.0000     0.0000     4.6050    34.5512    34.5557 0.0000e+00
      20592    857.971    689.000     5.9944     5.9941  34.269051  34.272858     0.0000     0.0000     4.6045    34.5505    34.5551 0.0000e+00
      20620    859.128    690.000     5.9844     5.9842  34.260647  34.264439     0.0000     0.0000     4.6033    34.5507    34.5552 0.0000e+00
      20645    860.151    691.000     5.9787     5.9788  34.255943  34.260117     0.0000     0.0000     4.6027    34.5507    34.5553 0.0000e+00
      20672    861.281    692.000     5.9712     5.9712  34.249424  34.253391     0.0000     0.0000     4.6047    34.5505    34.5549 0.0000e+00
      20708    862.798    693.000     5.9667     5.9670  34.245800  34.250290     0.0000     0.0000     4.6055    34.5505    34.5552 0.0000e+00
      20740    864.108    694.000     5.9659     5.9660  34.245678  34.250027     0.0000     0.0000     4.6050    34.5507    34.5555 0.0000e+00
      20761    865.002    695.000     5.9640     5.9642  34.244431  34.248711     0.0000     0.0000     4.6053    34.5507    34.5553 0.0000e+00
      20779    865.769    696.000     5.9615     5.9617  34.242470  34.246864     0.0000     0.0000     4.6055    34.5506    34.5553 0.0000e+00
      20798    866.537    697.000     5.9601     5.9603  34.241684  34.246037     0.0000     0.0000     4.6050    34.5506    34.5553 0.0000e+00
      20819    867.420    698.000     5.9593     5.9596  34.241379  34.245838     0.0000     0.0000     4.6052    34.5506    34.5553 0.0000e+00
      20846    868.542    699.000     5.9588     5.9590  34.241257  34.245514     0.0000     0.0000     4.6051    34.5505    34.5550 0.0000e+00
      20874    869.701    700.000     5.9570     5.9577  34.240135  34.244869     0.0000     0.0000     4.6046    34.5505    34.5552 0.0000e+00
      20898    870.707    701.000     5.9556     5.9560  34.239273  34.243534     0.0000     0.0000     4.6052    34.5505    34.5549 0.0000e+00
      20920    871.631    702.000     5.9499     5.9502  34.234367  34.238258     0.0000     0.0000     4.6055    34.5503    34.5544 0.0000e+00
      20942    872.523    703.000     5.9361     5.9364  34.221870  34.224648     0.0000     0.0000     4.6052    34.5498    34.5526 0.0000e+00
      20964    873.472    704.000     5.8938     5.8946  34.182957  34.185589     0.0000     0.0000     4.6052    34.5484    34.5505 0.0000e+00
      21016    875.608    705.000     5.8646     5.8647  34.155987  34.159546     0.0000     0.0000     4.6054    34.5472    34.5511 0.0000e+00
      21069    877.827    706.000     5.8524     5.8526  34.145466  34.149433     0.0000     0.0000     4.6057    34.5473    34.5515 0.0000e+00
      21092    878.772    707.000     5.8461     5.8466  34.140415  34.144608     0.0000     0.0000     4.6056    34.5475    34.5518 0.0000e+00
      21111    879.565    708.000     5.8431     5.8434  34.138233  34.142479     0.0000     0.0000     4.6059    34.5476    34.5521 0.0000e+00
      21128    880.296    709.000     5.8408     5.8410  34.136425  34.140354     0.0000     0.0000     4.6058    34.5475    34.5517 0.0000e+00
      21145    880.995    710.000     5.8361     5.8364  34.132637  34.136875     0.0000     0.0000     4.6041    34.5475    34.5519 0.0000e+00
      21161    881.678    711.000     5.8348     5.8351  34.131916  34.136417     0.0000     0.0000     4.6057    34.5475    34.5523 0.0000e+00
      21178    882.361    712.000     5.8334     5.8337  34.131119  34.135395     0.0000     0.0000     4.6056    34.5475    34.5520 0.0000e+00
      21195    883.071    713.000     5.8293     5.8294  34.127678  34.131565     0.0000     0.0000     4.6059    34.5473    34.5515 0.0000e+00
      21214    883.860    714.000     5.8247     5.8249  34.123875  34.128189     0.0000     0.0000     4.6060    34.5472    34.5518 0.0000e+00
      21236    884.790    715.000     5.8186     5.8190  34.118729  34.122738     0.0000     0.0000     4.6054    34.5471    34.5512 0.0000e+00
      21262    885.875    716.000     5.8055     5.8058  34.107353  34.111248     0.0000     0.0000     4.6057    34.5471    34.5512 0.0000e+00
      21320    888.290    717.000     5.7988     5.7991  34.101955  34.106167     0.0000     0.0000     4.6056    34.5473    34.5518 0.0000e+00
      21398    891.551    718.000     5.7959     5.7962  34.099842  34.104313     0.0000     0.0000     4.6056    34.5474    34.5522 0.0000e+00
      21417    892.314    719.000     5.7926     5.7928  34.097351  34.101624     0.0000     0.0000     4.6045    34.5475    34.5520 0.0000e+00
      21433    892.994    720.000     5.7894     5.7896  34.094868  34.098682     0.0000     0.0000     4.6059    34.5475    34.5516 0.0000e+00
      21448    893.609    721.000     5.7802     5.7799  34.086853  34.089649     0.0000     0.0000     4.6054    34.5472    34.5507 0.0000e+00
      21462    894.217    722.000     5.7606     5.7600  34.069672  34.071877     0.0000     0.0000     4.6059    34.5473    34.5504 0.0000e+00
      21477    894.831    723.000     5.7513     5.7515  34.062084  34.066219     0.0000     0.0000     4.6042    34.5478    34.5522 0.0000e+00
      21492    895.465    724.000     5.7494     5.7496  34.060638  34.064865     0.0000     0.0000     4.6051    34.5475    34.5521 0.0000e+00
      21508    896.130    725.000     5.7478     5.7480  34.059612  34.063877     0.0000     0.0000     4.6036    34.5476    34.5521 0.0000e+00
      21525    896.842    726.000     5.7467     5.7470  34.058956  34.063271     0.0000     0.0000     4.6055    34.5474    34.5520 0.0000e+00
      21544    897.630    727.000     5.7455     5.7458  34.058285  34.062641     0.0000     0.0000     4.6056    34.5473    34.5520 0.0000e+00
      21571    898.743    728.000     5.7432     5.7434  34.056580  34.060852     0.0000     0.0000     4.6051    34.5473    34.5519 0.0000e+00
      21638    901.536    729.000     5.7393     5.7396  34.053589  34.057861     0.0000     0.0000     4.6051    34.5474    34.5519 0.0000e+00
      21681    903.351    730.000     5.7378     5.7381  34.052681  34.057060     0.0000     0.0000     4.6051    34.5474    34.5520 0.0000e+00
      21715    904.760    731.000     5.7360     5.7363  34.051590  34.055889     0.0000     0.0000     4.6055    34.5475    34.5521 0.0000e+00
      21744    905.975    732.000     5.7337     5.7340  34.049961  34.054317     0.0000     0.0000     4.6054    34.5476    34.5521 0.0000e+00
      21766    906.871    733.000     5.7328     5.7330  34.049606  34.053997     0.0000     0.0000     4.6057    34.5475    34.5522 0.0000e+00
      21784    907.613    734.000     5.7315     5.7317  34.048855  34.053104     0.0000     0.0000     4.6048    34.5476    34.5521 0.0000e+00
      21800    908.296    735.000     5.7298     5.7300  34.047817  34.052078     0.0000     0.0000     4.6054    34.5476    34.5522 0.0000e+00
      21816    908.967    736.000     5.7286     5.7288  34.047112  34.051445     0.0000     0.0000     4.6056    34.5475    34.5522 0.0000e+00
      21833    909.661    737.000     5.7274     5.7275  34.046448  34.050632     0.0000     0.0000     4.6058    34.5476    34.5522 0.0000e+00
      21851    910.397    738.000     5.7261     5.7265  34.045803  34.050236     0.0000     0.0000     4.6056    34.5476    34.5522 0.0000e+00
      21870    911.190    739.000     5.7260     5.7262  34.045937  34.050457     0.0000     0.0000     4.6041    34.5474    34.5522 0.0000e+00
      21891    912.069    740.000     5.7247     5.7250  34.045223  34.049610     0.0000     0.0000     4.6040    34.5474    34.5520 0.0000e+00
      21916    913.142    741.000     5.7235     5.7238  34.044537  34.049007     0.0000     0.0000     4.6054    34.5474    34.5521 0.0000e+00
      21994    916.379    742.000     5.7233     5.7234  34.044727  34.048985     0.0000     0.0000     4.6055    34.5473    34.5519 0.0000e+00
      22038    918.209    743.000     5.7224     5.7227  34.044357  34.048882     0.0000     0.0000     4.6056    34.5473    34.5521 0.0000e+00
      22057    919.014    744.000     5.7215     5.7218  34.043980  34.048306     0.0000     0.0000     4.6058    34.5473    34.5518 0.0000e+00
      22075    919.758    745.000     5.7204     5.7207  34.043381  34.047867     0.0000     0.0000     4.6044    34.5472    34.5520 0.0000e+00
      22094    920.544    746.000     5.7197     5.7200  34.043232  34.047672     0.0000     0.0000     4.6050    34.5473    34.5520 0.0000e+00
      22115    921.437    747.000     5.7191     5.7194  34.043118  34.047573     0.0000     0.0000     4.6054    34.5473    34.5520 0.0000e+00
      22138    922.387    748.000     5.7183     5.7186  34.042805  34.047207     0.0000     0.0000     4.6057    34.5473    34.5519 0.0000e+00
      22159    923.264    749.000     5.7177     5.7181  34.042740  34.047199     0.0000     0.0000     4.6053    34.5473    34.5520 0.0000e+00
      22179    924.103    750.000     5.7173     5.7176  34.042770  34.047203     0.0000     0.0000     4.6063    34.5473    34.5519 0.0000e+00
      22203    925.063    751.000     5.7162     5.7166  34.042286  34.046726     0.0000     0.0000     4.6059    34.5473    34.5520 0.0000e+00
      22237    926.504    752.000     5.7147     5.7149  34.041191  34.045509     0.0000     0.0000     4.6055    34.5472    34.5518 0.0000e+00
      22272    927.978    753.000     5.7138     5.7141  34.040840  34.045219     0.0000     0.0000     4.6060    34.5472    34.5518 0.0000e+00
      22296    928.956    754.000     5.7125     5.7128  34.040123  34.044605     0.0000     0.0000     4.6048    34.5472    34.5519 0.0000e+00
      22315    929.761    755.000     5.7116     5.7117  34.039585  34.043549     0.0000     0.0000     4.6061    34.5470    34.5514 0.0000e+00
      22335    930.574    756.000     5.7061     5.7063  34.034855  34.039185     0.0000     0.0000     4.6056    34.5468    34.5515 0.0000e+00
      22364    931.772    757.000     5.7037     5.7039  34.033192  34.037498     0.0000     0.0000     4.6053    34.5468    34.5515 0.0000e+00
      22410    933.697    758.000     5.6989     5.6985  34.029205  34.032661     0.0000     0.0000     4.6060    34.5467    34.5511 0.0000e+00
      22440    934.958    759.000     5.6900     5.6904  34.021606  34.025932     0.0000     0.0000     4.6055    34.5467    34.5512 0.0000e+00
      22466    936.022    760.000     5.6867     5.6870  34.018932  34.023262     0.0000     0.0000     4.6056    34.5465    34.5512 0.0000e+00
      22495    937.248    761.000     5.6847     5.6851  34.017750  34.022034     0.0000     0.0000     4.6041    34.5467    34.5512 0.0000e+00
      22524    938.449    762.000     5.6756     5.6756  34.009800  34.013485     0.0000     0.0000     4.6048    34.5466    34.5507 0.0000e+00
      22544    939.307    763.000     5.6673     5.6672  34.002636  34.006081     0.0000     0.0000     4.6062    34.5464    34.5504 0.0000e+00
      22561    940.007    764.000     5.6594     5.6596  33.995934  33.999973     0.0000     0.0000     4.6056    34.5464    34.5508 0.0000e+00
      22577    940.680    765.000     5.6527     5.6527  33.990067  33.993801     0.0000     0.0000     4.6052    34.5461    34.5503 0.0000e+00
      22595    941.427    766.000     5.6450     5.6449  33.983379  33.987034     0.0000     0.0000     4.6054    34.5459    34.5501 0.0000e+00
      22627    942.740    767.000     5.6399     5.6363  33.978756  33.980591     0.0000     0.0000     4.6050    34.5453    34.5511 0.0000e+00
      22671    944.581    768.000     5.6203     5.6192  33.961510  33.963837     0.0000     0.0000     4.6061    34.5453    34.5491 0.0000e+00
      22694    945.547    769.000     5.6020     5.6021  33.945374  33.949135     0.0000     0.0000     4.6044    34.5452    34.5493 0.0000e+00
      22714    946.360    770.000     5.5956     5.5957  33.940037  33.944050     0.0000     0.0000     4.6059    34.5452    34.5496 0.0000e+00
      22734    947.189    771.000     5.5885     5.5882  33.933487  33.936363     0.0000     0.0000     4.6047    34.5444    34.5480 0.0000e+00
      22761    948.331    772.000     5.5655     5.5652  33.913475  33.917824     0.0000     0.0000     4.6058    34.5448    34.5500 0.0000e+00
      22801    949.991    773.000     5.5435     5.5418  33.894093  33.895992     0.0000     0.0000     4.6062    34.5447    34.5487 0.0000e+00
      22831    951.259    774.000     5.5099     5.5095  33.864464  33.867664     0.0000     0.0000     4.6065    34.5449    34.5489 0.0000e+00
      22857    952.345    775.000     5.4941     5.4942  33.851181  33.855324     0.0000     0.0000     4.6065    34.5454    34.5500 0.0000e+00
      22884    953.452    776.000     5.4910     5.4913  33.849045  33.853569     0.0000     0.0000     4.6059    34.5457    34.5505 0.0000e+00
      22909    954.494    777.000     5.4900     5.4902  33.848587  33.852886     0.0000     0.0000     4.6036    34.5457    34.5503 0.0000e+00
      22930    955.372    778.000     5.4823     5.4822  33.841866  33.845203     0.0000     0.0000     4.6050    34.5454    34.5493 0.0000e+00
