testfiles/govdocs/026/026546.txt
* Sea-Bird SBE 9 Data File:
* FileName = C:\Program Files\Sea-Bird\Seasave-Win32\KA10081.dat
* Software Version Seasave Win32 V 5.37m
* Temperature SN = 4638
* Conductivity SN = 3278
* Number of Bytes Per Scan = 27
* Number of Voltage Words = 3
* Number of Scans Averaged by the Deck Unit = 1
* NMEA Latitude = 00 59.56 N
* NMEA Longitude = 110 10.48 W
* NMEA UTC (Time) = Apr 11 2007  02:39:19
** Ship:       KA'IMIMOANA
** Cruise:     KA_07_01 GP1
** Station:    008
** Latitude:   1N
** Longitude:  110W
# nquan = 13
# nvalues = 2002                        
# units = specified
# name 0 = scan: Scan Count
# name 1 = timeS: Time, Elapsed [seconds]
# name 2 = prDM: Pressure, Digiquartz [db]
# name 3 = t068C: Temperature [ITS-68, deg C]
# name 4 = t168C: Temperature, 2 [ITS-68, deg C]
# name 5 = c0mS/cm: Conductivity [mS/cm]
# name 6 = c1mS/cm: Conductivity, 2 [mS/cm]
# name 7 = v0: Voltage 0
# name 8 = v1: Voltage 1
# name 9 = v2: Voltage 2
# name 10 = sal00: Salinity [PSU]
# name 11 = sal11: Salinity, 2 [PSU]
# name 12 = flag: flag
# span 0 =        266,      71975       
# span 1 =     11.058,   2998.907       
# span 2 =      1.000,   1002.000       
# span 3 =     4.5183,    26.5608       
# span 4 =     4.5195,    26.4573       
# span 5 =  33.083435,  54.792000       
# span 6 =  33.088490,  54.685429       
# span 7 =     0.0000,     0.0000       
# span 8 =     0.0000,     0.0000       
# span 9 =     4.3521,     4.6079       
# span 10 =    34.5444,    35.0651      
# span 11 =    34.5480,    35.0710      
# span 12 = 0.0000e+00, 0.0000e+00      
# interval = decibars: 1                
# start_time = Apr 11 2007 03:39:33
# bad_flag = -9.990e-29
*END*
[from data line 778]
      22967    956.896    780.000     5.4641     5.4643  33.827023  33.831215     0.0000     0.0000     4.6060    34.5461    34.5507 0.0000e+00
      22987    957.731    781.000     5.4610     5.4612  33.824684  33.828983     0.0000     0.0000     4.6044    34.5462    34.5508 0.0000e+00
      23013    958.839    782.000     5.4592     5.4595  33.823570  33.827995     0.0000     0.0000     4.6055    34.5463    34.5510 0.0000e+00
      23048    960.305    783.000     5.4578     5.4581  33.822903  33.827385     0.0000     0.0000     4.6042    34.5464    34.5512 0.0000e+00
      23084    961.784    784.000     5.4568     5.4571  33.822556  33.827129     0.0000     0.0000     4.6063    34.5466    34.5514 0.0000e+00
      23117    963.184    785.000     5.4566     5.4569  33.822876  33.827435     0.0000     0.0000     4.6061    34.5467    34.5515 0.0000e+00
      23145    964.313    786.000     5.4562     5.4566  33.823128  33.827614     0.0000     0.0000     4.6060    34.5468    34.5516 0.0000e+00
      23167    965.234    787.000     5.4558     5.4561  33.823269  33.827709     0.0000     0.0000     4.6062    34.5470    34.5517 0.0000e+00
      23187    966.079    788.000     5.4550     5.4554  33.822899  33.827251     0.0000     0.0000     4.6062    34.5468    34.5514 0.0000e+00
      23208    966.940    789.000     5.4493     5.4496  33.818325  33.822475     0.0000     0.0000     4.6058    34.5469    34.5514 0.0000e+00
      23234    968.027    790.000     5.4472     5.4475  33.816982  33.821472     0.0000     0.0000     4.6065    34.5471    34.5519 0.0000e+00
      23271    969.574    791.000     5.4462     5.4467  33.816517  33.821049     0.0000     0.0000     4.6057    34.5470    34.5517 0.0000e+00
      23299    970.763    792.000     5.4437     5.4439  33.814747  33.819012     0.0000     0.0000     4.6056    34.5471    34.5517 0.0000e+00
      23320    971.608    793.000     5.4410     5.4414  33.813076  33.817528     0.0000     0.0000     4.6056    34.5475    34.5522 0.0000e+00
      23338    972.382    794.000     5.4399     5.4402  33.812389  33.817001     0.0000     0.0000     4.6050    34.5474    34.5523 0.0000e+00
      23357    973.185    795.000     5.4387     5.4390  33.811760  33.816341     0.0000     0.0000     4.6058    34.5473    34.5522 0.0000e+00
      23379    974.067    796.000     5.4346     5.4350  33.808300  33.812328     0.0000     0.0000     4.6060    34.5472    34.5513 0.0000e+00
      23401    975.017    797.000     5.4231     5.4235  33.798275  33.802158     0.0000     0.0000     4.6052    34.5469    34.5510 0.0000e+00
      23425    975.994    798.000     5.4117     5.4120  33.788521  33.792568     0.0000     0.0000     4.6057    34.5470    34.5513 0.0000e+00
      23451    977.073    799.000     5.3999     5.4005  33.777981  33.781898     0.0000     0.0000     4.6065    34.5467    34.5505 0.0000e+00
      23497    979.000    800.000     5.3787     5.3859  33.759830  33.769756     0.0000     0.0000     4.6059    34.5471    34.5510 0.0000e+00
      23545    981.011    801.000     5.3481     5.3480  33.731659  33.735214     0.0000     0.0000     4.6061    34.5458    34.5500 0.0000e+00
      23571    982.093    802.000     5.3430     5.3433  33.727650  33.732201     0.0000     0.0000     4.6057    34.5460    34.5509 0.0000e+00
      23594    983.021    803.000     5.3430     5.3433  33.728191  33.732758     0.0000     0.0000     4.6052    34.5461    34.5510 0.0000e+00
      23615    983.928    804.000     5.3431     5.3434  33.728687  33.733311     0.0000     0.0000     4.6060    34.5461    34.5511 0.0000e+00
      23636    984.807    805.000     5.3431     5.3434  33.729240  33.733822     0.0000     0.0000     4.6060    34.5462    34.5511 0.0000e+00
      23656    985.626    806.000     5.3432     5.3436  33.729759  33.734379     0.0000     0.0000     4.6061    34.5462    34.5511 0.0000e+00
      23674    986.391    807.000     5.3433     5.3436  33.730362  33.734924     0.0000     0.0000     4.6062    34.5463    34.5512 0.0000e+00
      23692    987.133    808.000     5.3433     5.3437  33.730923  33.735374     0.0000     0.0000     4.6059    34.5464    34.5512 0.0000e+00
      23710    987.896    809.000     5.3434     5.3438  33.731495  33.735943     0.0000     0.0000     4.6059    34.5465    34.5512 0.0000e+00
      23730    988.700    810.000     5.3435     5.3439  33.731884  33.736511     0.0000     0.0000     4.6062    34.5463    34.5512 0.0000e+00
      23751    989.566    811.000     5.3435     5.3438  33.732338  33.736893     0.0000     0.0000     4.6063    34.5464    34.5513 0.0000e+00
      23774    990.550    812.000     5.3434     5.3437  33.732677  33.737194     0.0000     0.0000     4.6063    34.5464    34.5512 0.0000e+00
      23816    992.307    813.000     5.3434     5.3438  33.732979  33.737644     0.0000     0.0000     4.6062    34.5463    34.5511 0.0000e+00
      23875    994.733    814.000     5.3431     5.3435  33.733223  33.737850     0.0000     0.0000     4.6055    34.5463    34.5512 0.0000e+00
      23907    996.095    815.000     5.3419     5.3422  33.732685  33.737099     0.0000     0.0000     4.6064    34.5464    34.5511 0.0000e+00
      23934    997.202    816.000     5.3405     5.3409  33.731789  33.736465     0.0000     0.0000     4.6055    34.5464    34.5513 0.0000e+00
      23956    998.129    817.000     5.3407     5.3408  33.732471  33.736866     0.0000     0.0000     4.6054    34.5465    34.5514 0.0000e+00
      23975    998.904    818.000     5.3408     5.3411  33.732964  33.737522     0.0000     0.0000     4.6060    34.5464    34.5513 0.0000e+00
      23991    999.581    819.000     5.3405     5.3405  33.733200  33.737450     0.0000     0.0000     4.6054    34.5465    34.5513 0.0000e+00
      24006   1000.219    820.000     5.3377     5.3382  33.730991  33.735104     0.0000     0.0000     4.6057    34.5463    34.5505 0.0000e+00
      24022   1000.867    821.000     5.3329     5.3333  33.727173  33.731636     0.0000     0.0000     4.6060    34.5464    34.5511 0.0000e+00
      24039   1001.593    822.000     5.3292     5.3293  33.724045  33.728184     0.0000     0.0000     4.6057    34.5461    34.5507 0.0000e+00
      24063   1002.582    823.000     5.3268     5.3273  33.722191  33.726891     0.0000     0.0000     4.6066    34.5460    34.5508 0.0000e+00
      24095   1003.902    824.000     5.3258     5.3263  33.721565  33.726177     0.0000     0.0000     4.6060    34.5458    34.5505 0.0000e+00
      24122   1005.054    825.000     5.3251     5.3255  33.721313  33.725903     0.0000     0.0000     4.6061    34.5457    34.5506 0.0000e+00
      24151   1006.253    826.000     5.3245     5.3249  33.721207  33.725853     0.0000     0.0000     4.6062    34.5458    34.5506 0.0000e+00
      24205   1008.496    827.000     5.3242     5.3246  33.721203  33.725975     0.0000     0.0000     4.6054    34.5456    34.5506 0.0000e+00
      24241   1010.008    828.000     5.3239     5.3244  33.721573  33.726170     0.0000     0.0000     4.6069    34.5458    34.5505 0.0000e+00
      24264   1010.951    829.000     5.3234     5.3237  33.721500  33.726158     0.0000     0.0000     4.6063    34.5457    34.5507 0.0000e+00
      24285   1011.823    830.000     5.3224     5.3229  33.721149  33.725891     0.0000     0.0000     4.6061    34.5458    34.5507 0.0000e+00
      24306   1012.720    831.000     5.3216     5.3220  33.720879  33.725525     0.0000     0.0000     4.6067    34.5459    34.5507 0.0000e+00
      24328   1013.620    832.000     5.3214     5.3217  33.721066  33.725712     0.0000     0.0000     4.6063    34.5458    34.5508 0.0000e+00
      24347   1014.423    833.000     5.3212     5.3216  33.721375  33.726112     0.0000     0.0000     4.6063    34.5459    34.5509 0.0000e+00
      24364   1015.117    834.000     5.3208     5.3212  33.721554  33.726189     0.0000     0.0000     4.6065    34.5460    34.5508 0.0000e+00
      24379   1015.755    835.000     5.3195     5.3198  33.720802  33.725269     0.0000     0.0000     4.6057    34.5460    34.5508 0.0000e+00
      24394   1016.391    836.000     5.3185     5.3189  33.720482  33.724972     0.0000     0.0000     4.6062    34.5461    34.5509 0.0000e+00
      24412   1017.130    837.000     5.3174     5.3176  33.719913  33.724213     0.0000     0.0000     4.6063    34.5461    34.5508 0.0000e+00
      24472   1019.626    838.000     5.3158     5.3167  33.718746  33.723579     0.0000     0.0000     4.6055    34.5460    34.5505 0.0000e+00
      24513   1021.349    839.000     5.3136     5.3140  33.717373  33.721809     0.0000     0.0000     4.6066    34.5461    34.5508 0.0000e+00
      24535   1022.232    840.000     5.3129     5.3132  33.717175  33.721676     0.0000     0.0000     4.6061    34.5462    34.5509 0.0000e+00
      24559   1023.255    841.000     5.3099     5.3102  33.714809  33.719151     0.0000     0.0000     4.6061    34.5460    34.5506 0.0000e+00
      24598   1024.873    842.000     5.2922     5.2930  33.699181  33.702923     0.0000     0.0000     4.6064    34.5458    34.5492 0.0000e+00
      24629   1026.179    843.000     5.2542     5.2539  33.665936  33.668823     0.0000     0.0000     4.6058    34.5463    34.5499 0.0000e+00
      24650   1027.043    844.000     5.2429     5.2431  33.655983  33.660191     0.0000     0.0000     4.6061    34.5460    34.5506 0.0000e+00
      24668   1027.801    845.000     5.2377     5.2379  33.651531  33.655499     0.0000     0.0000     4.6060    34.5458    34.5500 0.0000e+00
      24686   1028.547    846.000     5.2283     5.2284  33.643303  33.646755     0.0000     0.0000     4.6058    34.5455    34.5493 0.0000e+00
      24705   1029.345    847.000     5.2155     5.2157  33.632225  33.636204     0.0000     0.0000     4.6052    34.5454    34.5498 0.0000e+00
      24727   1030.241    848.000     5.2111     5.2114  33.628613  33.633106     0.0000     0.0000     4.6064    34.5452    34.5501 0.0000e+00
      24751   1031.242    849.000     5.2099     5.2102  33.627937  33.632538     0.0000     0.0000     4.6063    34.5452    34.5502 0.0000e+00
      24775   1032.256    850.000     5.2098     5.2101  33.628479  33.633102     0.0000     0.0000     4.6064    34.5455    34.5504 0.0000e+00
      24799   1033.229    851.000     5.2065     5.2068  33.626591  33.630768     0.0000     0.0000     4.6061    34.5462    34.5507 0.0000e+00
      24823   1034.262    852.000     5.2020     5.2024  33.623276  33.627762     0.0000     0.0000     4.6062    34.5465    34.5512 0.0000e+00
      24855   1035.563    853.000     5.2015     5.2019  33.623169  33.627708     0.0000     0.0000     4.6061    34.5465    34.5512 0.0000e+00
      24892   1037.136    854.000     5.2002     5.2005  33.622463  33.626904     0.0000     0.0000     4.6051    34.5464    34.5512 0.0000e+00
      24927   1038.568    855.000     5.1973     5.1975  33.620327  33.624653     0.0000     0.0000     4.6060    34.5465    34.5512 0.0000e+00
      24961   1040.008    856.000     5.1936     5.1940  33.617573  33.622135     0.0000     0.0000     4.6063    34.5466    34.5515 0.0000e+00
      24993   1041.314    857.000     5.1929     5.1933  33.617645  33.622150     0.0000     0.0000     4.6058    34.5469    34.5517 0.0000e+00
      25016   1042.307    858.000     5.1892     5.1894  33.614723  33.618931     0.0000     0.0000     4.6056    34.5469    34.5515 0.0000e+00
      25036   1043.146    859.000     5.1843     5.1847  33.610855  33.615200     0.0000     0.0000     4.6062    34.5470    34.5516 0.0000e+00
      25056   1043.943    860.000     5.1804     5.1807  33.607841  33.612244     0.0000     0.0000     4.6056    34.5471    34.5518 0.0000e+00
      25075   1044.756    861.000     5.1777     5.1781  33.605923  33.610352     0.0000     0.0000     4.6039    34.5471    34.5518 0.0000e+00
      25096   1045.613    862.000     5.1764     5.1767  33.605206  33.609680     0.0000     0.0000     4.6043    34.5472    34.5519 0.0000e+00
      25117   1046.492    863.000     5.1732     5.1735  33.602806  33.606918     0.0000     0.0000     4.6062    34.5472    34.5516 0.0000e+00
      25137   1047.350    864.000     5.1661     5.1661  33.596718  33.600506     0.0000     0.0000     4.6054    34.5470    34.5514 0.0000e+00
      25158   1048.197    865.000     5.1606     5.1608  33.592186  33.596672     0.0000     0.0000     4.6057    34.5470    34.5519 0.0000e+00
      25179   1049.104    866.000     5.1598     5.1602  33.591797  33.596375     0.0000     0.0000     4.6063    34.5469    34.5517 0.0000e+00
      25205   1050.186    867.000     5.1596     5.1601  33.592194  33.596786     0.0000     0.0000     4.6060    34.5470    34.5517 0.0000e+00
      25243   1051.741    868.000     5.1594     5.1599  33.592308  33.596886     0.0000     0.0000     4.6061    34.5469    34.5516 0.0000e+00
      25324   1055.128    869.000     5.1594     5.1597  33.592899  33.597374     0.0000     0.0000     4.6058    34.5471    34.5519 0.0000e+00
      25349   1056.177    870.000     5.1591     5.1596  33.593197  33.597759     0.0000     0.0000     4.6053    34.5472    34.5519 0.0000e+00
      25368   1056.949    871.000     5.1584     5.1589  33.592907  33.597427     0.0000     0.0000     4.6059    34.5471    34.5518 0.0000e+00
      25385   1057.647    872.000     5.1560     5.1566  33.591362  33.595840     0.0000     0.0000     4.6060    34.5473    34.5519 0.0000e+00
      25401   1058.337    873.000     5.1544     5.1544  33.590214  33.594185     0.0000     0.0000     4.6060    34.5471    34.5517 0.0000e+00
      25418   1059.048    874.000     5.1501     5.1507  33.586544  33.590862     0.0000     0.0000     4.6052    34.5468    34.5512 0.0000e+00
      25436   1059.774    875.000     5.1456     5.1459  33.583027  33.587421     0.0000     0.0000     4.6051    34.5470    34.5517 0.0000e+00
      25452   1060.471    876.000     5.1445     5.1448  33.582439  33.586926     0.0000     0.0000     4.6065    34.5469    34.5517 0.0000e+00
      25468   1061.128    877.000     5.1423     5.1427  33.580853  33.585041     0.0000     0.0000     4.6066    34.5468    34.5513 0.0000e+00
      25483   1061.767    878.000     5.1375     5.1379  33.576836  33.580910     0.0000     0.0000     4.6059    34.5466    34.5510 0.0000e+00
      25499   1062.435    879.000     5.1341     5.1345  33.574070  33.578362     0.0000     0.0000     4.6056    34.5465    34.5510 0.0000e+00
      25520   1063.284    880.000     5.1309     5.1314  33.571510  33.575954     0.0000     0.0000     4.6066    34.5464    34.5510 0.0000e+00
      25612   1067.115    881.000     5.1316     5.1314  33.572285  33.576122     0.0000     0.0000     4.6061    34.5461    34.5507 0.0000e+00
      25674   1069.700    882.000     5.1200     5.1205  33.562618  33.566444     0.0000     0.0000     4.6051    34.5464    34.5503 0.0000e+00
      25696   1070.641    883.000     5.1073     5.1075  33.551430  33.555077     0.0000     0.0000     4.6069    34.5461    34.5500 0.0000e+00
      25714   1071.354    884.000     5.0984     5.0984  33.543640  33.547256     0.0000     0.0000     4.6068    34.5458    34.5500 0.0000e+00
      25728   1071.975    885.000     5.0902     5.0903  33.536575  33.540451     0.0000     0.0000     4.6070    34.5456    34.5499 0.0000e+00
      25742   1072.557    886.000     5.0856     5.0859  33.532764  33.536655     0.0000     0.0000     4.6068    34.5455    34.5497 0.0000e+00
      25756   1073.131    887.000     5.0808     5.0815  33.528706  33.533035     0.0000     0.0000     4.6063    34.5453    34.5495 0.0000e+00
      25770   1073.713    888.000     5.0743     5.0745  33.523235  33.527142     0.0000     0.0000     4.6065    34.5452    34.5494 0.0000e+00
      25784   1074.312    889.000     5.0710     5.0714  33.520576  33.525002     0.0000     0.0000     4.6061    34.5451    34.5497 0.0000e+00
