testfiles/govdocs/026/026546.txt
* Sea-Bird SBE 9 Data File:
* FileName = C:\Program Files\Sea-Bird\Seasave-Win32\KA10081.dat
* Software Version Seasave Win32 V 5.37m
* Temperature SN = 4638
* Conductivity SN = 3278
* Number of Bytes Per Scan = 27
* Number of Voltage Words = 3
* Number of Scans Averaged by the Deck Unit = 1
* NMEA Latitude = 00 59.56 N
* NMEA Longitude = 110 10.48 W
* NMEA UTC (Time) = Apr 11 2007  02:39:19
** Ship:       KA'IMIMOANA
** Cruise:     KA_07_01 GP1
** Station:    008
** Latitude:   1N
** Longitude:  110W
# nquan = 13
# nvalues = 2002                        
# units = specified
# name 0 = scan: Scan Count
# name 1 = timeS: Time, Elapsed [seconds]
# name 2 = prDM: Pressure, Digiquartz [db]
# name 3 = t068C: Temperature [ITS-68, deg C]
# name 4 = t168C: Temperature, 2 [ITS-68, deg C]
# name 5 = c0mS/cm: Conductivity [mS/cm]
# name 6 = c1mS/cm: Conductivity, 2 [mS/cm]
# name 7 = v0: Voltage 0
# name 8 = v1: Voltage 1
# name 9 = v2: Voltage 2
# name 10 = sal00: Salinity [PSU]
# name 11 = sal11: Salinity, 2 [PSU]
# name 12 = flag: flag
# span 0 =        266,      71975       
# span 1 =     11.058,   2998.907       
# span 2 =      1.000,   1002.000       
# span 3 =     4.5183,    26.5608       
# span 4 =     4.5195,    26.4573       
# span 5 =  33.083435,  54.792000       
# span 6 =  33.088490,  54.685429       
# span 7 =     0.0000,     0.0000       
# span 8 =     0.0000,     0.0000       
# span 9 =     4.3521,     4.6079       
# span 10 =    34.5444,    35.0651      
# span 11 =    34.5480,    35.0710      
# span 12 = 0.0000e+00, 0.0000e+00      
# interval = decibars: 1                
# start_time = Apr 11 2007 03:39:33
# bad_flag = -9.990e-29
*END*
[from data line 889]
      25816   1075.612    891.000     5.0692     5.0693  33.519855  33.523956     0.0000     0.0000     4.6068    34.5450    34.5497 0.0000e+00
      25835   1076.398    892.000     5.0670     5.0682  33.518219  33.523491     0.0000     0.0000     4.6071    34.5450    34.5498 0.0000e+00
      25873   1078.000    893.000     5.0674     5.0674  33.518970  33.523281     0.0000     0.0000     4.6065    34.5449    34.5498 0.0000e+00
      25952   1081.298    894.000     5.0664     5.0666  33.518589  33.522846     0.0000     0.0000     4.6065    34.5450    34.5497 0.0000e+00
      25992   1082.953    895.000     5.0602     5.0609  33.513405  33.518093     0.0000     0.0000     4.6058    34.5450    34.5496 0.0000e+00
      26024   1084.277    896.000     5.0596     5.0597  33.513458  33.517750     0.0000     0.0000     4.6067    34.5451    34.5499 0.0000e+00
      26047   1085.245    897.000     5.0586     5.0591  33.513058  33.517670     0.0000     0.0000     4.6073    34.5452    34.5500 0.0000e+00
      26065   1086.007    898.000     5.0582     5.0583  33.513126  33.517540     0.0000     0.0000     4.6069    34.5451    34.5501 0.0000e+00
      26081   1086.663    899.000     5.0580     5.0585  33.513489  33.518139     0.0000     0.0000     4.6072    34.5453    34.5502 0.0000e+00
      26096   1087.274    900.000     5.0581     5.0582  33.513817  33.518288     0.0000     0.0000     4.6069    34.5451    34.5501 0.0000e+00
      26110   1087.880    901.000     5.0565     5.0566  33.512974  33.517113     0.0000     0.0000     4.6067    34.5453    34.5499 0.0000e+00
      26125   1088.518    902.000     5.0558     5.0560  33.512760  33.517326     0.0000     0.0000     4.6062    34.5453    34.5503 0.0000e+00
      26143   1089.255    903.000     5.0554     5.0559  33.512852  33.517506     0.0000     0.0000     4.6070    34.5452    34.5501 0.0000e+00
      26166   1090.188    904.000     5.0555     5.0562  33.513435  33.518234     0.0000     0.0000     4.6073    34.5454    34.5502 0.0000e+00
      26192   1091.284    905.000     5.0555     5.0561  33.513767  33.518555     0.0000     0.0000     4.6067    34.5452    34.5501 0.0000e+00
      26218   1092.377    906.000     5.0553     5.0556  33.514050  33.518414     0.0000     0.0000     4.6070    34.5453    34.5500 0.0000e+00
      26256   1093.941    907.000     5.0547     5.0552  33.513966  33.518517     0.0000     0.0000     4.6066    34.5453    34.5500 0.0000e+00
      26310   1096.227    908.000     5.0546     5.0552  33.514278  33.518963     0.0000     0.0000     4.6070    34.5453    34.5500 0.0000e+00
      26343   1097.575    909.000     5.0547     5.0551  33.514774  33.519386     0.0000     0.0000     4.6074    34.5453    34.5501 0.0000e+00
      26371   1098.744    910.000     5.0546     5.0552  33.515167  33.519897     0.0000     0.0000     4.6061    34.5453    34.5501 0.0000e+00
      26399   1099.924    911.000     5.0536     5.0540  33.514809  33.519169     0.0000     0.0000     4.6068    34.5454    34.5500 0.0000e+00
      26424   1100.954    912.000     5.0526     5.0531  33.514381  33.518993     0.0000     0.0000     4.6074    34.5454    34.5502 0.0000e+00
      26444   1101.794    913.000     5.0529     5.0532  33.515072  33.519543     0.0000     0.0000     4.6070    34.5455    34.5503 0.0000e+00
      26462   1102.541    914.000     5.0523     5.0529  33.515015  33.519581     0.0000     0.0000     4.6066    34.5455    34.5501 0.0000e+00
      26479   1103.249    915.000     5.0504     5.0504  33.513718  33.517830     0.0000     0.0000     4.6068    34.5455    34.5502 0.0000e+00
      26496   1103.974    916.000     5.0443     5.0442  33.508743  33.512394     0.0000     0.0000     4.6011    34.5456    34.5498 0.0000e+00
      26515   1104.761    917.000     5.0353     5.0354  33.501675  33.505718     0.0000     0.0000     4.6056    34.5461    34.5507 0.0000e+00
      26536   1105.645    918.000     5.0299     5.0302  33.497494  33.501667     0.0000     0.0000     4.6056    34.5464    34.5509 0.0000e+00
      26559   1106.598    919.000     5.0242     5.0250  33.493122  33.497784     0.0000     0.0000     4.6064    34.5467    34.5513 0.0000e+00
      26582   1107.560    920.000     5.0205     5.0211  33.490391  33.495003     0.0000     0.0000     4.6068    34.5470    34.5516 0.0000e+00
      26608   1108.618    921.000     5.0162     5.0167  33.487194  33.491524     0.0000     0.0000     4.6067    34.5471    34.5516 0.0000e+00
      26656   1110.640    922.000     5.0123     5.0123  33.484505  33.488338     0.0000     0.0000     4.6065    34.5476    34.5520 0.0000e+00
      26715   1113.079    923.000     5.0089     5.0094  33.481701  33.486164     0.0000     0.0000     4.6066    34.5474    34.5520 0.0000e+00
      26746   1114.363    924.000     5.0059     5.0064  33.479462  33.483841     0.0000     0.0000     4.6069    34.5474    34.5520 0.0000e+00
      26770   1115.391    925.000     5.0027     5.0030  33.476910  33.481216     0.0000     0.0000     4.6055    34.5473    34.5519 0.0000e+00
      26792   1116.286    926.000     4.9974     4.9978  33.472610  33.476959     0.0000     0.0000     4.6067    34.5473    34.5519 0.0000e+00
      26811   1117.065    927.000     4.9920     4.9923  33.468285  33.472157     0.0000     0.0000     4.6068    34.5474    34.5515 0.0000e+00
      26827   1117.740    928.000     4.9846     4.9850  33.462177  33.465931     0.0000     0.0000     4.6060    34.5475    34.5514 0.0000e+00
      26842   1118.359    929.000     4.9769     4.9771  33.455696  33.459530     0.0000     0.0000     4.6068    34.5475    34.5517 0.0000e+00
      26856   1118.953    930.000     4.9704     4.9707  33.450310  33.454178     0.0000     0.0000     4.6062    34.5474    34.5516 0.0000e+00
      26871   1119.563    931.000     4.9649     4.9653  33.445930  33.450008     0.0000     0.0000     4.6065    34.5475    34.5519 0.0000e+00
      26887   1120.234    932.000     4.9603     4.9606  33.442062  33.446209     0.0000     0.0000     4.6065    34.5474    34.5518 0.0000e+00
      26908   1121.116    933.000     4.9558     4.9563  33.438618  33.443024     0.0000     0.0000     4.6043    34.5476    34.5521 0.0000e+00
      26951   1122.899    934.000     4.9545     4.9546  33.437939  33.441963     0.0000     0.0000     4.6049    34.5476    34.5521 0.0000e+00
      26998   1124.855    935.000     4.9498     4.9505  33.434185  33.438717     0.0000     0.0000     4.6056    34.5476    34.5522 0.0000e+00
      27035   1126.430    936.000     4.9424     4.9428  33.428013  33.431835     0.0000     0.0000     4.6066    34.5476    34.5516 0.0000e+00
      27069   1127.814    937.000     4.9264     4.9268  33.414101  33.418125     0.0000     0.0000     4.6059    34.5476    34.5518 0.0000e+00
      27096   1128.945    938.000     4.9190     4.9195  33.408043  33.412437     0.0000     0.0000     4.6067    34.5477    34.5523 0.0000e+00
      27119   1129.921    939.000     4.9171     4.9176  33.406879  33.411427     0.0000     0.0000     4.6064    34.5479    34.5525 0.0000e+00
      27141   1130.841    940.000     4.9068     4.9064  33.397385  33.399944     0.0000     0.0000     4.6071    34.5470    34.5504 0.0000e+00
      27162   1131.715    941.000     4.8810     4.8809  33.375252  33.378403     0.0000     0.0000     4.6070    34.5476    34.5514 0.0000e+00
      27181   1132.520    942.000     4.8651     4.8650  33.361542  33.364422     0.0000     0.0000     4.6077    34.5477    34.5510 0.0000e+00
      27199   1133.268    943.000     4.8457     4.8456  33.344685  33.347675     0.0000     0.0000     4.6070    34.5477    34.5512 0.0000e+00
      27217   1133.994    944.000     4.8322     4.8323  33.333225  33.336765     0.0000     0.0000     4.6078    34.5479    34.5519 0.0000e+00
      27235   1134.740    945.000     4.8192     4.8191  33.321846  33.325027     0.0000     0.0000     4.6066    34.5477    34.5515 0.0000e+00
      27255   1135.576    946.000     4.8103     4.8107  33.314781  33.319172     0.0000     0.0000     4.6053    34.5482    34.5528 0.0000e+00
      27281   1136.674    947.000     4.8085     4.8090  33.313644  33.318134     0.0000     0.0000     4.6071    34.5483    34.5529 0.0000e+00
      27322   1138.370    948.000     4.8065     4.8070  33.312317  33.316833     0.0000     0.0000     4.6070    34.5483    34.5530 0.0000e+00
      27368   1140.299    949.000     4.8016     4.8023  33.308689  33.313091     0.0000     0.0000     4.6077    34.5486    34.5531 0.0000e+00
      27407   1141.925    950.000     4.7963     4.7970  33.304646  33.309322     0.0000     0.0000     4.6078    34.5489    34.5536 0.0000e+00
      27438   1143.197    951.000     4.7949     4.7954  33.303997  33.308514     0.0000     0.0000     4.6070    34.5492    34.5539 0.0000e+00
      27461   1144.157    952.000     4.7912     4.7914  33.300900  33.304359     0.0000     0.0000     4.6073    34.5489    34.5527 0.0000e+00
      27480   1144.944    953.000     4.7742     4.7744  33.286484  33.290340     0.0000     0.0000     4.6068    34.5493    34.5536 0.0000e+00
      27496   1145.641    954.000     4.7698     4.7701  33.283054  33.287102     0.0000     0.0000     4.6069    34.5494    34.5537 0.0000e+00
      27512   1146.300    955.000     4.7613     4.7615  33.275948  33.279774     0.0000     0.0000     4.6073    34.5494    34.5536 0.0000e+00
      27528   1146.954    956.000     4.7469     4.7468  33.263165  33.265415     0.0000     0.0000     4.6074    34.5490    34.5517 0.0000e+00
      27544   1147.643    957.000     4.7274     4.7276  33.247063  33.250816     0.0000     0.0000     4.6072    34.5500    34.5541 0.0000e+00
      27564   1148.463    958.000     4.7212     4.7217  33.242218  33.246532     0.0000     0.0000     4.6061    34.5503    34.5548 0.0000e+00
      27600   1149.947    959.000     4.7254     4.7231  33.246216  33.248661     0.0000     0.0000     4.6068    34.5501    34.5553 0.0000e+00
      27644   1151.801    960.000     4.7159     4.7162  33.238777  33.243000     0.0000     0.0000     4.6057    34.5508    34.5554 0.0000e+00
      27673   1152.990    961.000     4.7118     4.7122  33.235668  33.239922     0.0000     0.0000     4.6064    34.5509    34.5555 0.0000e+00
      27701   1154.146    962.000     4.7083     4.7088  33.233021  33.237602     0.0000     0.0000     4.6077    34.5510    34.5558 0.0000e+00
      27730   1155.381    963.000     4.7078     4.7082  33.233002  33.237560     0.0000     0.0000     4.6078    34.5510    34.5558 0.0000e+00
      27757   1156.501    964.000     4.7018     4.7020  33.227818  33.231560     0.0000     0.0000     4.6074    34.5507    34.5548 0.0000e+00
      27779   1157.429    965.000     4.6885     4.6889  33.216873  33.221241     0.0000     0.0000     4.6061    34.5512    34.5559 0.0000e+00
      27800   1158.292    966.000     4.6847     4.6850  33.213879  33.218224     0.0000     0.0000     4.6066    34.5513    34.5559 0.0000e+00
      27822   1159.228    967.000     4.6799     4.6802  33.210041  33.214230     0.0000     0.0000     4.6072    34.5513    34.5557 0.0000e+00
      27851   1160.403    968.000     4.6732     4.6737  33.204792  33.209209     0.0000     0.0000     4.6049    34.5515    34.5562 0.0000e+00
      27881   1161.662    969.000     4.6685     4.6689  33.200951  33.205265     0.0000     0.0000     4.6068    34.5515    34.5561 0.0000e+00
      27904   1162.616    970.000     4.6633     4.6638  33.197037  33.201496     0.0000     0.0000     4.6071    34.5518    34.5565 0.0000e+00
      27923   1163.401    971.000     4.6615     4.6620  33.195923  33.200520     0.0000     0.0000     4.6070    34.5519    34.5568 0.0000e+00
      27940   1164.132    972.000     4.6598     4.6603  33.194916  33.199257     0.0000     0.0000     4.6072    34.5519    34.5565 0.0000e+00
      27959   1164.912    973.000     4.6560     4.6565  33.191917  33.196285     0.0000     0.0000     4.6070    34.5519    34.5565 0.0000e+00
      27987   1166.103    974.000     4.6539     4.6548  33.190529  33.195789     0.0000     0.0000     4.6070    34.5520    34.5572 0.0000e+00
      28040   1168.279    975.000     4.6527     4.6546  33.189659  33.195114     0.0000     0.0000     4.6070    34.5518    34.5561 0.0000e+00
      28069   1169.495    976.000     4.6425     4.6428  33.181271  33.185493     0.0000     0.0000     4.6074    34.5521    34.5566 0.0000e+00
      28091   1170.415    977.000     4.6373     4.6378  33.177013  33.181450     0.0000     0.0000     4.6064    34.5521    34.5567 0.0000e+00
      28111   1171.241    978.000     4.6352     4.6357  33.175690  33.180355     0.0000     0.0000     4.6068    34.5522    34.5571 0.0000e+00
      28131   1172.095    979.000     4.6343     4.6347  33.175304  33.179760     0.0000     0.0000     4.6070    34.5522    34.5569 0.0000e+00
      28156   1173.130    980.000     4.6240     4.6244  33.166565  33.170570     0.0000     0.0000     4.6073    34.5521    34.5563 0.0000e+00
      28186   1174.384    981.000     4.6086     4.6093  33.153839  33.157928     0.0000     0.0000     4.6073    34.5528    34.5568 0.0000e+00
      28213   1175.481    982.000     4.5969     4.5974  33.144058  33.148232     0.0000     0.0000     4.6073    34.5530    34.5574 0.0000e+00
      28235   1176.412    983.000     4.5896     4.5900  33.137989  33.142353     0.0000     0.0000     4.6066    34.5531    34.5577 0.0000e+00
      28257   1177.338    984.000     4.5859     4.5863  33.135143  33.139534     0.0000     0.0000     4.6064    34.5531    34.5578 0.0000e+00
      28281   1178.344    985.000     4.5824     4.5828  33.132629  33.137062     0.0000     0.0000     4.6068    34.5533    34.5580 0.0000e+00
      28306   1179.394    986.000     4.5804     4.5808  33.131203  33.135643     0.0000     0.0000     4.6062    34.5532    34.5580 0.0000e+00
      28330   1180.371    987.000     4.5779     4.5782  33.129425  33.133907     0.0000     0.0000     4.6053    34.5533    34.5581 0.0000e+00
      28352   1181.308    988.000     4.5758     4.5762  33.127945  33.132511     0.0000     0.0000     4.6067    34.5533    34.5581 0.0000e+00
      28377   1182.346    989.000     4.5737     4.5741  33.126659  33.131184     0.0000     0.0000     4.6042    34.5534    34.5582 0.0000e+00
      28434   1184.706    990.000     4.5719     4.5726  33.125439  33.130089     0.0000     0.0000     4.6069    34.5534    34.5580 0.0000e+00
      28493   1187.155    991.000     4.5680     4.5685  33.122478  33.127045     0.0000     0.0000     4.6065    34.5534    34.5582 0.0000e+00
      28519   1188.269    992.000     4.5653     4.5657  33.120506  33.124928     0.0000     0.0000     4.6074    34.5535    34.5582 0.0000e+00
      28542   1189.215    993.000     4.5631     4.5635  33.118958  33.123486     0.0000     0.0000     4.6073    34.5534    34.5582 0.0000e+00
      28566   1190.208    994.000     4.5586     4.5590  33.115330  33.119690     0.0000     0.0000     4.6072    34.5534    34.5580 0.0000e+00
      28605   1191.854    995.000     4.5539     4.5547  33.111595  33.116516     0.0000     0.0000     4.6076    34.5534    34.5582 0.0000e+00
      28652   1193.800    996.000     4.5467     4.5472  33.105656  33.109940     0.0000     0.0000     4.6079    34.5534    34.5579 0.0000e+00
      28686   1195.217    997.000     4.5379     4.5382  33.098389  33.102680     0.0000     0.0000     4.6077    34.5537    34.5582 0.0000e+00
      28798   1199.886    998.000     4.5352     4.5337  33.096458  33.099201     0.0000     0.0000     4.6072    34.5536    34.5585 0.0000e+00
      28840   1201.622    999.000     4.5286     4.5291  33.091175  33.095695     0.0000     0.0000     4.6071    34.5539    34.5586 0.0000e+00
      28880   1203.273   1000.000     4.5250     4.5256  33.088364  33.093056     0.0000     0.0000     4.6050    34.5538    34.5586 0.0000e+00
      28924   1205.114   1001.000     4.5208     4.5214  33.085209  33.089832     0.0000     0.0000     4.6076    34.5540    34.5588 0.0000e+00
