testfiles/govdocs/026/026546.txt
* Sea-Bird SBE 9 Data File:
* FileName = C:\Program Files\Sea-Bird\Seasave-Win32\KA10081.dat
* Software Version Seasave Win32 V 5.37m
* Temperature SN = 4638
* Conductivity SN = 3278
* Number of Bytes Per Scan = 27
* Number of Voltage Words = 3
* Number of Scans Averaged by the Deck Unit = 1
* NMEA Latitude = 00 59.56 N
* NMEA Longitude = 110 10.48 W
* NMEA UTC (Time) = Apr 11 2007  02:39:19
** Ship:       KA'IMIMOANA
** Cruise:     KA_07_01 GP1
** Station:    008
** Latitude:   1N
** Longitude:  110W
# nquan = 13
# nvalues = 2002                        
# units = specified
# name 0 = scan: Scan Count
# name 1 = timeS: Time, Elapsed [seconds]
# name 2 = prDM: Pressure, Digiquartz [db]
# name 3 = t068C: Temperature [ITS-68, deg C]
# name 4 = t168C: Temperature, 2 [ITS-68, deg C]
# name 5 = c0mS/cm: Conductivity [mS/cm]
# name 6 = c1mS/cm: Conductivity, 2 [mS/cm]
# name 7 = v0: Voltage 0
# name 8 = v1: Voltage 1
# name 9 = v2: Voltage 2
# name 10 = sal00: Salinity [PSU]
# name 11 = sal11: Salinity, 2 [PSU]
# name 12 = flag: flag
# span 0 =        266,      71975       
# span 1 =     11.058,   2998.907       
# span 2 =      1.000,   1002.000       
# span 3 =     4.5183,    26.5608       
# span 4 =     4.5195,    26.4573       
# span 5 =  33.083435,  54.792000       
# span 6 =  33.088490,  54.685429       
# span 7 =     0.0000,     0.0000       
# span 8 =     0.0000,     0.0000       
# span 9 =     4.3521,     4.6079       
# span 10 =    34.5444,    35.0651      
# span 11 =    34.5480,    35.0710      
# span 12 = 0.0000e+00, 0.0000e+00      
# interval = decibars: 1                
# start_time = Apr 11 2007 03:39:33
# bad_flag = -9.990e-29
*END*
[from data line 556]
      17221    717.503    558.000     6.9855     6.9857  35.133698  35.137550     0.0000     0.0000     4.6030    34.5752    34.5792 0.0000e+00
      17242    718.378    559.000     6.9797     6.9798  35.128559  35.132389     0.0000     0.0000     4.6032    34.5749    34.5790 0.0000e+00
      17259    719.101    560.000     6.9739     6.9740  35.123592  35.127205     0.0000     0.0000     4.6029    34.5747    34.5787 0.0000e+00
      17275    719.761    561.000     6.9681     6.9682  35.118614  35.122246     0.0000     0.0000     4.6030    34.5746    34.5785 0.0000e+00
      17291    720.420    562.000     6.9601     6.9600  35.111385  35.114273     0.0000     0.0000     4.6032    34.5742    34.5775 0.0000e+00
      17309    721.148    563.000     6.9453     6.9452  35.097637  35.100418     0.0000     0.0000     4.6025    34.5735    34.5766 0.0000e+00
      17331    722.082    564.000     6.9235     6.9237  35.077465  35.080666     0.0000     0.0000     4.6031    34.5727    34.5759 0.0000e+00
      17359    723.268    565.000     6.9093     6.9097  35.064621  35.068394     0.0000     0.0000     4.6032    34.5723    34.5760 0.0000e+00
      17386    724.378    566.000     6.9018     6.9021  35.057972  35.061806     0.0000     0.0000     4.6033    34.5720    34.5759 0.0000e+00
      17414    725.525    567.000     6.8957     6.8958  35.052624  35.056297     0.0000     0.0000     4.6023    34.5718    34.5757 0.0000e+00
      17464    727.614    568.000     6.8890     6.8886  35.047092  35.050125     0.0000     0.0000     4.6031    34.5719    34.5757 0.0000e+00
      17501    729.179    569.000     6.8809     6.8810  35.039604  35.043331     0.0000     0.0000     4.6032    34.5714    34.5753 0.0000e+00
      17521    730.013    570.000     6.8760     6.8761  35.035534  35.039238     0.0000     0.0000     4.6031    34.5713    34.5753 0.0000e+00
      17539    730.740    571.000     6.8714     6.8715  35.031685  35.035507     0.0000     0.0000     4.6032    34.5712    34.5752 0.0000e+00
      17557    731.500    572.000     6.8664     6.8665  35.027374  35.031075     0.0000     0.0000     4.6032    34.5710    34.5749 0.0000e+00
      17580    732.471    573.000     6.8595     6.8597  35.021221  35.025139     0.0000     0.0000     4.6032    34.5706    34.5747 0.0000e+00
      17614    733.862    574.000     6.8509     6.8509  35.013477  35.017071     0.0000     0.0000     4.6025    34.5702    34.5742 0.0000e+00
      17646    735.196    575.000     6.8440     6.8444  35.007507  35.011787     0.0000     0.0000     4.6031    34.5701    34.5744 0.0000e+00
      17670    736.195    576.000     6.8421     6.8424  35.006081  35.010189     0.0000     0.0000     4.6034    34.5699    34.5742 0.0000e+00
      17690    737.023    577.000     6.8385     6.8386  35.003143  35.007149     0.0000     0.0000     4.6034    34.5699    34.5742 0.0000e+00
      17707    737.767    578.000     6.8360     6.8361  35.001331  35.005344     0.0000     0.0000     4.6028    34.5699    34.5742 0.0000e+00
      17725    738.488    579.000     6.8320     6.8322  34.998032  35.001728     0.0000     0.0000     4.6033    34.5697    34.5737 0.0000e+00
      17743    739.270    580.000     6.8194     6.8191  34.986244  34.989216     0.0000     0.0000     4.6013    34.5690    34.5725 0.0000e+00
      17776    740.636    581.000     6.8071     6.8058  34.975544  34.978317     0.0000     0.0000     4.6019    34.5690    34.5734 0.0000e+00
      17840    743.291    582.000     6.7939     6.7925  34.962994  34.964737     0.0000     0.0000     4.6031    34.5680    34.5713 0.0000e+00
      17863    744.255    583.000     6.7783     6.7784  34.948807  34.952583     0.0000     0.0000     4.6041    34.5675    34.5716 0.0000e+00
      17882    745.055    584.000     6.7744     6.7746  34.945530  34.949486     0.0000     0.0000     4.6037    34.5673    34.5714 0.0000e+00
      17901    745.853    585.000     6.7707     6.7709  34.942627  34.946262     0.0000     0.0000     4.6024    34.5673    34.5712 0.0000e+00
      17923    746.749    586.000     6.7558     6.7549  34.928394  34.930626     0.0000     0.0000     4.6035    34.5661    34.5694 0.0000e+00
      17946    747.714    587.000     6.7355     6.7351  34.909874  34.913212     0.0000     0.0000     4.6038    34.5656    34.5696 0.0000e+00
      17969    748.647    588.000     6.7273     6.7273  34.902702  34.906891     0.0000     0.0000     4.6041    34.5654    34.5700 0.0000e+00
      17992    749.625    589.000     6.7224     6.7224  34.898819  34.902752     0.0000     0.0000     4.6032    34.5656    34.5699 0.0000e+00
      18025    750.996    590.000     6.7171     6.7170  34.894489  34.898277     0.0000     0.0000     4.6040    34.5656    34.5699 0.0000e+00
      18064    752.609    591.000     6.7098     6.7100  34.888084  34.892075     0.0000     0.0000     4.6037    34.5654    34.5695 0.0000e+00
      18090    753.692    592.000     6.7004     6.7004  34.879601  34.882908     0.0000     0.0000     4.6040    34.5649    34.5687 0.0000e+00
      18109    754.518    593.000     6.6874     6.6870  34.867599  34.870346     0.0000     0.0000     4.6036    34.5643    34.5677 0.0000e+00
      18127    755.270    594.000     6.6723     6.6722  34.854137  34.857639     0.0000     0.0000     4.6040    34.5641    34.5680 0.0000e+00
      18146    756.036    595.000     6.6669     6.6670  34.849808  34.853973     0.0000     0.0000     4.6043    34.5643    34.5688 0.0000e+00
      18168    756.961    596.000     6.6656     6.6658  34.849155  34.853344     0.0000     0.0000     4.6033    34.5644    34.5688 0.0000e+00
      18204    758.445    597.000     6.6647     6.6650  34.848804  34.853195     0.0000     0.0000     4.6033    34.5644    34.5689 0.0000e+00
      18241    759.984    598.000     6.6622     6.6622  34.847076  34.851086     0.0000     0.0000     4.6043    34.5645    34.5689 0.0000e+00
      18265    760.981    599.000     6.6607     6.6610  34.846146  34.850544     0.0000     0.0000     4.6029    34.5645    34.5691 0.0000e+00
      18284    761.798    600.000     6.6583     6.6583  34.844288  34.848083     0.0000     0.0000     4.6042    34.5644    34.5685 0.0000e+00
      18304    762.615    601.000     6.6521     6.6521  34.839092  34.842854     0.0000     0.0000     4.6036    34.5644    34.5685 0.0000e+00
      18328    763.605    602.000     6.6457     6.6458  34.833767  34.837803     0.0000     0.0000     4.6030    34.5645    34.5688 0.0000e+00
      18363    765.073    603.000     6.6396     6.6396  34.828854  34.832897     0.0000     0.0000     4.6022    34.5647    34.5691 0.0000e+00
      18398    766.545    604.000     6.6259     6.6257  34.816307  34.819561     0.0000     0.0000     4.6036    34.5641    34.5679 0.0000e+00
      18425    767.672    605.000     6.6068     6.6064  34.799213  34.802483     0.0000     0.0000     4.6042    34.5638    34.5679 0.0000e+00
      18449    768.678    606.000     6.5984     6.5984  34.791740  34.795597     0.0000     0.0000     4.6032    34.5636    34.5678 0.0000e+00
      18473    769.652    607.000     6.5893     6.5892  34.783653  34.787399     0.0000     0.0000     4.6036    34.5633    34.5675 0.0000e+00
      18494    770.553    608.000     6.5792     6.5792  34.774845  34.778332     0.0000     0.0000     4.6029    34.5632    34.5671 0.0000e+00
      18514    771.387    609.000     6.5661     6.5661  34.762806  34.765980     0.0000     0.0000     4.6040    34.5626    34.5661 0.0000e+00
      18534    772.215    610.000     6.5485     6.5483  34.746799  34.749546     0.0000     0.0000     4.6038    34.5621    34.5653 0.0000e+00
      18556    773.140    611.000     6.5265     6.5264  34.726536  34.729282     0.0000     0.0000     4.6036    34.5612    34.5644 0.0000e+00
      18585    774.349    612.000     6.4917     6.4915  34.695347  34.697720     0.0000     0.0000     4.6034    34.5612    34.5640 0.0000e+00
      18620    775.781    613.000     6.4627     6.4625  34.668182  34.671516     0.0000     0.0000     4.6042    34.5598    34.5637 0.0000e+00
      18648    776.971    614.000     6.4505     6.4505  34.657890  34.662018     0.0000     0.0000     4.6030    34.5602    34.5648 0.0000e+00
      18673    777.982    615.000     6.4487     6.4489  34.656841  34.661175     0.0000     0.0000     4.6039    34.5604    34.5650 0.0000e+00
      18697    778.997    616.000     6.4468     6.4468  34.655724  34.659813     0.0000     0.0000     4.6033    34.5605    34.5650 0.0000e+00
      18726    780.202    617.000     6.4457     6.4457  34.655304  34.659523     0.0000     0.0000     4.6021    34.5607    34.5654 0.0000e+00
      18762    781.723    618.000     6.4439     6.4440  34.654339  34.658508     0.0000     0.0000     4.6042    34.5609    34.5654 0.0000e+00
      18794    783.050    619.000     6.4397     6.4399  34.650772  34.654999     0.0000     0.0000     4.6035    34.5607    34.5652 0.0000e+00
      18816    783.960    620.000     6.4374     6.4376  34.649094  34.653423     0.0000     0.0000     4.5996    34.5607    34.5653 0.0000e+00
      18834    784.698    621.000     6.4361     6.4363  34.648491  34.652832     0.0000     0.0000     4.6040    34.5609    34.5654 0.0000e+00
      18850    785.386    622.000     6.4352     6.4355  34.648083  34.652393     0.0000     0.0000     4.6036    34.5608    34.5653 0.0000e+00
      18867    786.098    623.000     6.4342     6.4344  34.647591  34.651955     0.0000     0.0000     4.6039    34.5608    34.5654 0.0000e+00
      18887    786.935    624.000     6.4332     6.4334  34.647133  34.651497     0.0000     0.0000     4.6034    34.5608    34.5655 0.0000e+00
      18917    788.185    625.000     6.4322     6.4325  34.646896  34.651325     0.0000     0.0000     4.6042    34.5611    34.5657 0.0000e+00
      18958    789.873    626.000     6.4316     6.4319  34.646980  34.651379     0.0000     0.0000     4.6038    34.5612    34.5659 0.0000e+00
      18990    791.222    627.000     6.4312     6.4314  34.647110  34.651569     0.0000     0.0000     4.6040    34.5613    34.5661 0.0000e+00
      19015    792.254    628.000     6.4312     6.4315  34.647781  34.652271     0.0000     0.0000     4.6037    34.5616    34.5663 0.0000e+00
      19039    793.232    629.000     6.4304     6.4308  34.647598  34.651978     0.0000     0.0000     4.6041    34.5617    34.5662 0.0000e+00
      19068    794.451    630.000     6.4287     6.4290  34.646366  34.650768     0.0000     0.0000     4.6043    34.5615    34.5662 0.0000e+00
      19106    796.042    631.000     6.4262     6.4266  34.644352  34.648933     0.0000     0.0000     4.6045    34.5614    34.5661 0.0000e+00
      19135    797.269    632.000     6.4243     6.4245  34.643272  34.647678     0.0000     0.0000     4.6044    34.5616    34.5663 0.0000e+00
      19157    798.166    633.000     6.4231     6.4234  34.642632  34.647003     0.0000     0.0000     4.6034    34.5616    34.5662 0.0000e+00
      19176    798.953    634.000     6.4218     6.4221  34.641895  34.646122     0.0000     0.0000     4.6036    34.5616    34.5660 0.0000e+00
      19194    799.722    635.000     6.4187     6.4189  34.639305  34.643608     0.0000     0.0000     4.6043    34.5614    34.5660 0.0000e+00
      19213    800.509    636.000     6.4167     6.4171  34.637985  34.642342     0.0000     0.0000     4.6043    34.5614    34.5659 0.0000e+00
      19233    801.331    637.000     6.4152     6.4154  34.636875  34.641296     0.0000     0.0000     4.6040    34.5613    34.5660 0.0000e+00
      19254    802.205    638.000     6.4144     6.4147  34.636639  34.641060     0.0000     0.0000     4.6042    34.5613    34.5659 0.0000e+00
      19277    803.186    639.000     6.4138     6.4140  34.636417  34.640900     0.0000     0.0000     4.6040    34.5612    34.5659 0.0000e+00
      19309    804.481    640.000     6.4132     6.4135  34.636276  34.640766     0.0000     0.0000     4.6046    34.5611    34.5658 0.0000e+00
      19349    806.147    641.000     6.4127     6.4128  34.636139  34.640598     0.0000     0.0000     4.6040    34.5610    34.5658 0.0000e+00
      19383    807.592    642.000     6.4123     6.4125  34.636280  34.640743     0.0000     0.0000     4.6048    34.5611    34.5658 0.0000e+00
      19411    808.767    643.000     6.4103     6.4107  34.634933  34.639362     0.0000     0.0000     4.6032    34.5611    34.5657 0.0000e+00
      19437    809.844    644.000     6.4039     6.4041  34.629314  34.633217     0.0000     0.0000     4.6043    34.5609    34.5649 0.0000e+00
      19462    810.893    645.000     6.3938     6.3935  34.620178  34.623741     0.0000     0.0000     4.6039    34.5604    34.5646 0.0000e+00
      19488    811.964    646.000     6.3899     6.3899  34.616856  34.620987     0.0000     0.0000     4.6042    34.5601    34.5647 0.0000e+00
      19513    813.003    647.000     6.3884     6.3887  34.615871  34.620312     0.0000     0.0000     4.6046    34.5600    34.5647 0.0000e+00
      19535    813.915    648.000     6.3880     6.3884  34.615921  34.620445     0.0000     0.0000     4.6046    34.5600    34.5647 0.0000e+00
      19555    814.729    649.000     6.3871     6.3874  34.615547  34.619965     0.0000     0.0000     4.6031    34.5600    34.5646 0.0000e+00
      19573    815.515    650.000     6.3857     6.3861  34.614632  34.618885     0.0000     0.0000     4.6044    34.5599    34.5643 0.0000e+00
      19594    816.364    651.000     6.3785     6.3786  34.608086  34.611916     0.0000     0.0000     4.6045    34.5594    34.5636 0.0000e+00
      19620    817.461    652.000     6.3674     6.3680  34.597778  34.601887     0.0000     0.0000     4.6046    34.5587    34.5627 0.0000e+00
      19652    818.800    653.000     6.3498     6.3503  34.581295  34.585514     0.0000     0.0000     4.6049    34.5576    34.5618 0.0000e+00
      19681    820.017    654.000     6.3445     6.3448  34.576778  34.581017     0.0000     0.0000     4.6046    34.5575    34.5618 0.0000e+00
      19711    821.259    655.000     6.3392     6.3396  34.572315  34.576679     0.0000     0.0000     4.6038    34.5573    34.5618 0.0000e+00
      19749    822.817    656.000     6.3254     6.3267  34.559433  34.563793     0.0000     0.0000     4.6052    34.5564    34.5600 0.0000e+00
      19781    824.149    657.000     6.2837     6.2830  34.520378  34.521984     0.0000     0.0000     4.6042    34.5545    34.5570 0.0000e+00
      19805    825.148    658.000     6.2560     6.2561  34.495823  34.499500     0.0000     0.0000     4.6053    34.5546    34.5587 0.0000e+00
      19826    826.044    659.000     6.2499     6.2500  34.490585  34.494762     0.0000     0.0000     4.6053    34.5545    34.5590 0.0000e+00
      19847    826.916    660.000     6.2466     6.2469  34.488071  34.492420     0.0000     0.0000     4.6043    34.5545    34.5591 0.0000e+00
      19868    827.780    661.000     6.2456     6.2458  34.487713  34.491962     0.0000     0.0000     4.6050    34.5547    34.5592 0.0000e+00
      19887    828.603    662.000     6.2425     6.2427  34.485287  34.489243     0.0000     0.0000     4.6036    34.5546    34.5588 0.0000e+00
      19906    829.378    663.000     6.2320     6.2323  34.476078  34.479504     0.0000     0.0000     4.6048    34.5544    34.5579 0.0000e+00
      19925    830.164    664.000     6.2237     6.2238  34.468910  34.473053     0.0000     0.0000     4.6042    34.5543    34.5588 0.0000e+00
      19950    831.221    665.000     6.2210     6.2213  34.466774  34.471165     0.0000     0.0000     4.6048    34.5542    34.5587 0.0000e+00
      20014    833.887    666.000     6.2183     6.2184  34.464756  34.469082     0.0000     0.0000     4.6050    34.5542    34.5588 0.0000e+00
      20044    835.141    667.000     6.2150     6.2153  34.462315  34.466526     0.0000     0.0000     4.6055    34.5543    34.5587 0.0000e+00
