testfiles/govdocs/026/026739.txt
ncols         526
nrows         829
xllcorner     1332799.6993106
yllcorner     1675809.0137207
cellsize      900
NODATA_value  -9999
[rows 560 to 587 of 829, columns 378 to 440 of 526]
2.89627 2.894643 2.893001 2.891346 2.889678 2.887996 2.886301 2.886301 2.884594 2.882876 2.881146 2.879405 2.877655 2.875894 2.874125 2.872347 2.870561 2.870561 2.868768 2.866969 2.865166 2.863368 2.861572 2.859778 2.857987 2.856198 2.854411 2.854411 2.852625 2.850841 2.849056 2.847272 2.845488 2.843703 2.841917 2.84013 2.838341 2.838341 2.83655 2.834757 2.83296 2.831161 2.829358 2.82755 2.825738 2.823922 2.822099 2.822099 2.820272 2.818438 2.816597 2.81475 2.812896 2.811034 2.809164 2.807286 2.805398 2.805398 2.803502 2.801596 2.79968 2.797754 2.795817
2.892637 2.891014 2.889376 2.887725 2.886059 2.884381 2.88269 2.88269 2.880986 2.879271 2.877544 2.875806 2.874058 2.8723 2.870533 2.868758 2.866974 2.866974 2.865184 2.863387 2.861587 2.859791 2.857998 2.856208 2.854421 2.852635 2.850852 2.850852 2.84907 2.847289 2.845509 2.843729 2.841948 2.840168 2.838386 2.836604 2.83482 2.83482 2.833034 2.831245 2.829454 2.827659 2.825861 2.824059 2.822253 2.820442 2.818626 2.818626 2.816804 2.814976 2.813142 2.811302 2.809454 2.807599 2.805735 2.803864 2.801983 2.801983 2.800094 2.798196 2.796287 2.794369 2.79244
2.889017 2.887397 2.885763 2.884115 2.882453 2.880778 2.87909 2.87909 2.87739 2.875677 2.873953 2.872218 2.870472 2.868717 2.866953 2.86518 2.863399 2.863399 2.86161 2.859815 2.858019 2.856226 2.854436 2.852649 2.850865 2.849083 2.847304 2.847304 2.845525 2.843748 2.841972 2.840196 2.83842 2.836644 2.834867 2.833089 2.83131 2.83131 2.829529 2.827745 2.825959 2.82417 2.822377 2.820581 2.81878 2.816975 2.815165 2.815165 2.813349 2.811528 2.8097 2.807866 2.806025 2.804176 2.80232 2.800455 2.798582 2.798582 2.7967 2.794809 2.792909 2.790998 2.789077
2.885409 2.883794 2.882163 2.880518 2.87886 2.877187 2.875502 2.875502 2.873805 2.872095 2.870373 2.868641 2.866898 2.865145 2.863383 2.861612 2.859833 2.859833 2.858047 2.856255 2.854461 2.852671 2.850885 2.849101 2.847321 2.845542 2.843766 2.843766 2.841992 2.840218 2.838446 2.836674 2.834903 2.833131 2.831359 2.829586 2.827811 2.827811 2.826035 2.824257 2.822476 2.820692 2.818905 2.817114 2.815319 2.81352 2.811716 2.811716 2.809906 2.808091 2.80627 2.804443 2.802608 2.800767 2.798917 2.79706 2.795195 2.795195 2.79332 2.791437 2.789544 2.787641 2.785728
2.885409 2.883794 2.882163 2.880518 2.87886 2.877187 2.875502 2.875502 2.873805 2.872095 2.870373 2.868641 2.866898 2.865145 2.863383 2.861612 2.859833 2.859833 2.858047 2.856255 2.854461 2.852671 2.850885 2.849101 2.847321 2.845542 2.843766 2.843766 2.841992 2.840218 2.838446 2.836674 2.834903 2.833131 2.831359 2.829586 2.827811 2.827811 2.826035 2.824257 2.822476 2.820692 2.818905 2.817114 2.815319 2.81352 2.811716 2.811716 2.809906 2.808091 2.80627 2.804443 2.802608 2.800767 2.798917 2.79706 2.795195 2.795195 2.79332 2.791437 2.789544 2.787641 2.785728
2.881815 2.880203 2.878575 2.876934 2.875278 2.873609 2.871926 2.871926 2.870231 2.868524 2.866805 2.865075 2.863335 2.861584 2.859824 2.858056 2.856279 2.856279 2.854496 2.852705 2.850914 2.849128 2.847344 2.845564 2.843787 2.842012 2.84024 2.84024 2.83847 2.8367 2.834932 2.833165 2.831398 2.82963 2.827863 2.826094 2.824325 2.824325 2.822554 2.820781 2.819005 2.817227 2.815445 2.81366 2.811871 2.810078 2.80828 2.80828 2.806477 2.804668 2.802854 2.801033 2.799205 2.797371 2.795528 2.793679 2.791821 2.791821 2.789954 2.788078 2.786193 2.784299 2.782394
2.878234 2.876625 2.875 2.873362 2.871709 2.870042 2.868362 2.868362 2.86667 2.864965 2.863249 2.861521 2.859783 2.858035 2.856277 2.854511 2.852736 2.852736 2.850955 2.849167 2.847379 2.845595 2.843815 2.842039 2.840265 2.838494 2.836725 2.836725 2.834959 2.833194 2.83143 2.829667 2.827904 2.826141 2.824379 2.822615 2.82085 2.82085 2.819084 2.817317 2.815547 2.813774 2.811998 2.810219 2.808436 2.806649 2.804857 2.804857 2.80306 2.801258 2.79945 2.797636 2.795815 2.793988 2.792154 2.790311 2.78846 2.78846 2.786602 2.784734 2.782857 2.780971 2.779074
2.874666 2.87306 2.871438 2.869802 2.868152 2.866488 2.864811 2.864811 2.863121 2.861418 2.859704 2.857979 2.856243 2.854497 2.852741 2.850977 2.849205 2.849205 2.847426 2.84564 2.843855 2.842074 2.840298 2.838525 2.836755 2.834987 2.833223 2.833223 2.83146 2.829699 2.827939 2.82618 2.824422 2.822664 2.820906 2.819148 2.817389 2.817389 2.815628 2.813865 2.8121 2.810333 2.808563 2.80679 2.805013 2.803232 2.801447 2.801447 2.799657 2.797861 2.79606 2.794253 2.79244 2.79062 2.788792 2.786957 2.785115 2.785115 2.783264 2.781404 2.779535 2.777657 2.775769
2.871112 2.869508 2.867889 2.866256 2.864608 2.862946 2.861271 2.861271 2.859583 2.857883 2.856172 2.854448 2.852715 2.850971 2.849218 2.847456 2.845685 2.845685 2.843908 2.842124 2.840343 2.838566 2.836792 2.835022 2.833256 2.831493 2.829732 2.829732 2.827973 2.826216 2.824461 2.822706 2.820953 2.8192 2.817447 2.815693 2.813939 2.813939 2.812183 2.810426 2.808667 2.806906 2.805142 2.803375 2.801604 2.799829 2.79805 2.79805 2.796267 2.794478 2.792684 2.790884 2.789078 2.787265 2.785445 2.783618 2.781783 2.781783 2.77994 2.778088 2.776228 2.774358 2.772479
2.867572 2.86597 2.864353 2.862722 2.861076 2.859417 2.857744 2.857744 2.856059 2.854361 2.852651 2.85093 2.849198 2.847456 2.845705 2.843946 2.842177 2.842177 2.840402 2.838621 2.836842 2.835068 2.833298 2.831532 2.829769 2.82801 2.826253 2.826253 2.824498 2.822746 2.820994 2.819245 2.817496 2.815747 2.813999 2.812251 2.810502 2.810502 2.808752 2.807 2.805247 2.803491 2.801733 2.799972 2.798208 2.79644 2.794667 2.794667 2.792891 2.791109 2.789321 2.787529 2.78573 2.783925 2.782112 2.780293 2.778466 2.778466 2.776631 2.774787 2.772935 2.771074 2.769204
2.864044 2.862445 2.860831 2.859201 2.857558 2.855901 2.85423 2.85423 2.852546 2.85085 2.849143 2.847424 2.845694 2.843954 2.842205 2.840447 2.838681 2.838681 2.836908 2.835129 2.833354 2.831583 2.829817 2.828054 2.826295 2.824539 2.822786 2.822786 2.821036 2.819287 2.817541 2.815795 2.814051 2.812308 2.810565 2.808821 2.807078 2.807078 2.805333 2.803587 2.80184 2.80009 2.798338 2.796583 2.794825 2.793064 2.791298 2.791298 2.789528 2.787753 2.785973 2.784188 2.782396 2.780598 2.778794 2.776983 2.775163 2.775163 2.773337 2.771502 2.769658 2.767805 2.765944
2.860531 2.858934 2.857321 2.855694 2.854052 2.852397 2.850728 2.850728 2.849047 2.847353 2.845647 2.84393 2.842202 2.840464 2.838717 2.836961 2.835197 2.835197 2.833426 2.83165 2.829878 2.82811 2.826347 2.824588 2.822833 2.821081 2.819332 2.819332 2.817586 2.815841 2.8141 2.812359 2.81062 2.808881 2.807143 2.805405 2.803667 2.803667 2.801928 2.800187 2.798446 2.796702 2.794956 2.793208 2.791456 2.789701 2.787942 2.787942 2.78618 2.784412 2.782639 2.780861 2.779077 2.777287 2.77549 2.773687 2.771876 2.771876 2.770057 2.768231 2.766396 2.764552 2.762699
2.857031 2.855436 2.853825 2.8522 2.85056 2.848907 2.847239 2.847239 2.84556 2.843868 2.842164 2.840448 2.838722 2.836987 2.835241 2.833488 2.831725 2.831725 2.829956 2.828183 2.826414 2.82465 2.82289 2.821135 2.819383 2.817635 2.81589 2.81589 2.814148 2.812409 2.810671 2.808935 2.807201 2.805468 2.803735 2.802002 2.800269 2.800269 2.798536 2.796801 2.795065 2.793328 2.791588 2.789846 2.788101 2.786353 2.784601 2.784601 2.782845 2.781084 2.779319 2.777548 2.775772 2.77399 2.772201 2.770406 2.768603 2.768603 2.766793 2.764975 2.763149 2.761314 2.75947
2.853545 2.851952 2.850343 2.848719 2.847081 2.845429 2.843764 2.843764 2.842086 2.840395 2.838693 2.83698 2.835255 2.833521 2.831778 2.830026 2.828266 2.828266 2.826499 2.824728 2.822963 2.821202 2.819446 2.817694 2.815946 2.814202 2.812461 2.812461 2.810724 2.808989 2.807256 2.805525 2.803795 2.802067 2.800339 2.798612 2.796885 2.796885 2.795157 2.793428 2.791699 2.789968 2.788234 2.786499 2.78476 2.783019 2.781274 2.781274 2.779525 2.777772 2.776014 2.774251 2.772482 2.770708 2.768927 2.76714 2.765346 2.765346 2.763544 2.761735 2.759918 2.758092 2.756257
2.853545 2.851952 2.850343 2.848719 2.847081 2.845429 2.843764 2.843764 2.842086 2.840395 2.838693 2.83698 2.835255 2.833521 2.831778 2.830026 2.828266 2.828266 2.826499 2.824728 2.822963 2.821202 2.819446 2.817694 2.815946 2.814202 2.812461 2.812461 2.810724 2.808989 2.807256 2.805525 2.803795 2.802067 2.800339 2.798612 2.796885 2.796885 2.795157 2.793428 2.791699 2.789968 2.788234 2.786499 2.78476 2.783019 2.781274 2.781274 2.779525 2.777772 2.776014 2.774251 2.772482 2.770708 2.768927 2.76714 2.765346 2.765346 2.763544 2.761735 2.759918 2.758092 2.756257
2.850074 2.848482 2.846874 2.845252 2.843616 2.841965 2.840301 2.840301 2.838625 2.836936 2.835235 2.833524 2.831801 2.830069 2.828327 2.826577 2.82482 2.82482 2.823055 2.821287 2.819524 2.817767 2.816014 2.814266 2.812522 2.810782 2.809046 2.809046 2.807312 2.805582 2.803854 2.802127 2.800403 2.79868 2.796957 2.795235 2.793514 2.793514 2.791792 2.79007 2.788346 2.786621 2.784894 2.783165 2.781433 2.779699 2.777961 2.777961 2.776219 2.774473 2.772723 2.770967 2.769207 2.767441 2.765668 2.76389 2.762104 2.762104 2.760311 2.758511 2.756702 2.754885 2.75306
2.846617 2.845026 2.843419 2.841799 2.840163 2.838514 2.836852 2.836852 2.835177 2.83349 2.83179 2.83008 2.82836 2.826629 2.82489 2.823142 2.821386 2.821386 2.819623 2.817858 2.816098 2.814344 2.812595 2.810851 2.809111 2.807375 2.805643 2.805643 2.803914 2.802188 2.800465 2.798743 2.797024 2.795306 2.793589 2.791873 2.790157 2.790157 2.788441 2.786724 2.785007 2.783288 2.781568 2.779846 2.778121 2.776394 2.774662 2.774662 2.772928 2.77119 2.769447 2.767699 2.765947 2.764189 2.762425 2.760654 2.758877 2.758877 2.757093 2.755302 2.753502 2.751695 2.749879
2.843173 2.841583 2.839978 2.838359 2.836725 2.835077 2.833416 2.833416 2.831742 2.830056 2.828359 2.82665 2.824931 2.823203 2.821465 2.819718 2.817965 2.817965 2.816204 2.814442 2.812686 2.810935 2.80919 2.80745 2.805713 2.803982 2.802254 2.802254 2.800529 2.798808 2.797089 2.795373 2.793659 2.791946 2.790235 2.788524 2.786814 2.786814 2.785104 2.783393 2.781682 2.77997 2.778256 2.776541 2.774823 2.773103 2.771379 2.771379 2.769652 2.767921 2.766186 2.764447 2.762702 2.760952 2.759197 2.757434 2.755666 2.755666 2.753891 2.752108 2.750318 2.74852 2.746714
2.839744 2.838156 2.836551 2.834933 2.8333 2.831653 2.829993 2.829993 2.828321 2.826637 2.82494 2.823233 2.821516 2.819789 2.818053 2.816308 2.814556 2.814556 2.812798 2.811039 2.809286 2.807539 2.805798 2.804061 2.802329 2.800601 2.798878 2.798878 2.797158 2.795441 2.793728 2.792016 2.790307 2.7886 2.786894 2.785189 2.783485 2.783485 2.781781 2.780077 2.778372 2.776666 2.774959 2.773251 2.77154 2.769827 2.76811 2.76811 2.766391 2.764668 2.762941 2.761209 2.759473 2.757731 2.755984 2.75423 2.752471 2.752471 2.750705 2.748931 2.74715 2.745362 2.743565
2.83633 2.834742 2.833139 2.831521 2.829889 2.828243 2.826585 2.826585 2.824914 2.82323 2.821535 2.81983 2.818114 2.816388 2.814654 2.812912 2.811162 2.811162 2.809405 2.80765 2.8059 2.804157 2.802419 2.800686 2.798958 2.797235 2.795516 2.795516 2.7938 2.792089 2.79038 2.788673 2.78697 2.785268 2.783567 2.781868 2.78017 2.78017 2.778472 2.776774 2.775076 2.773377 2.771677 2.769975 2.768271 2.766566 2.764857 2.764857 2.763145 2.76143 2.75971 2.757987 2.756259 2.754525 2.752787 2.751042 2.749292 2.749292 2.747534 2.74577 2.743999 2.742219 2.740433
2.83293 2.831342 2.82974 2.828123 2.826492 2.824847 2.82319 2.82319 2.82152 2.819838 2.818144 2.81644 2.814725 2.813001 2.811269 2.809528 2.80778 2.80778 2.806026 2.804273 2.802527 2.800787 2.799053 2.797325 2.795601 2.793882 2.792167 2.792167 2.790457 2.788749 2.787045 2.785345 2.783646 2.78195 2.780255 2.778562 2.77687 2.77687 2.775178 2.773486 2.771795 2.770102 2.768409 2.766714 2.765018 2.763319 2.761618 2.761618 2.759914 2.758207 2.756495 2.75478 2.75306 2.751336 2.749606 2.74787 2.746128 2.746128 2.74438 2.742625 2.740863 2.739094 2.737317
2.829544 2.827957 2.826356 2.824739 2.823109 2.821465 2.819808 2.819808 2.818139 2.816458 2.814766 2.813063 2.81135 2.809628 2.807897 2.806158 2.804412 2.804412 2.80266 2.800911 2.799168 2.797432 2.795702 2.793977 2.792257 2.790543 2.788832 2.788832 2.787127 2.785424 2.783726 2.78203 2.780337 2.778646 2.776957 2.77527 2.773583 2.773583 2.771898 2.770213 2.768528 2.766843 2.765156 2.763469 2.76178 2.760088 2.758395 2.758395 2.756698 2.754999 2.753296 2.751589 2.749877 2.748162 2.74644 2.744714 2.742981 2.742981 2.741242 2.739497 2.737745 2.735985 2.734217
2.826174 2.824587 2.822985 2.82137 2.81974 2.818097 2.816441 2.816441 2.814773 2.813092 2.811402 2.8097 2.807988 2.806268 2.804538 2.802802 2.801058 2.801058 2.799308 2.797562 2.795823 2.794091 2.792364 2.790643 2.788928 2.787217 2.785512 2.785512 2.783811 2.782113 2.78042 2.778729 2.777042 2.775357 2.773674 2.771992 2.770312 2.770312 2.768633 2.766955 2.765276 2.763598 2.761918 2.760238 2.758556 2.756873 2.755187 2.755187 2.753499 2.751807 2.750112 2.748414 2.746711 2.745004 2.743291 2.741574 2.73985 2.73985 2.738121 2.736385 2.734642 2.732892 2.731135
2.822817 2.821231 2.81963 2.818014 2.816385 2.814743 2.813087 2.813087 2.81142 2.809741 2.808051 2.806351 2.804641 2.802921 2.801194 2.799459 2.797716 2.797716 2.795969 2.794227 2.792491 2.790763 2.78904 2.787323 2.785612 2.783906 2.782206 2.782206 2.780509 2.778817 2.777128 2.775443 2.773761 2.772082 2.770405 2.768729 2.767056 2.767056 2.765383 2.763711 2.762039 2.760368 2.758696 2.757023 2.755349 2.753673 2.751995 2.751995 2.750314 2.748631 2.746944 2.745254 2.74356 2.741862 2.740158 2.73845 2.736736 2.736736 2.735016 2.733289 2.731556 2.729816 2.728069
2.822817 2.821231 2.81963 2.818014 2.816385 2.814743 2.813087 2.813087 2.81142 2.809741 2.808051 2.806351 2.804641 2.802921 2.801194 2.799459 2.797716 2.797716 2.795969 2.794227 2.792491 2.790763 2.78904 2.787323 2.785612 2.783906 2.782206 2.782206 2.780509 2.778817 2.777128 2.775443 2.773761 2.772082 2.770405 2.768729 2.767056 2.767056 2.765383 2.763711 2.762039 2.760368 2.758696 2.757023 2.755349 2.753673 2.751995 2.751995 2.750314 2.748631 2.746944 2.745254 2.74356 2.741862 2.740158 2.73845 2.736736 2.736736 2.735016 2.733289 2.731556 2.729816 2.728069
2.819476 2.817889 2.816289 2.814673 2.813045 2.811403 2.809748 2.809748 2.808081 2.806403 2.804714 2.803015 2.801306 2.799589 2.797863 2.79613 2.794389 2.794389 2.792645 2.790906 2.789174 2.787449 2.78573 2.784018 2.782311 2.78061 2.778913 2.778913 2.777222 2.775534 2.773851 2.772172 2.770495 2.768822 2.76715 2.765481 2.763814 2.763814 2.762148 2.760483 2.758818 2.757153 2.755489 2.753823 2.752156 2.750488 2.748818 2.748818 2.747146 2.745471 2.743792 2.742111 2.740425 2.738736 2.737041 2.735342 2.733638 2.733638 2.731927 2.73021 2.728487 2.726758 2.72502
2.816149 2.814563 2.812962 2.811347 2.809718 2.808077 2.806423 2.806423 2.804757 2.80308 2.801392 2.799694 2.797986 2.79627 2.794546 2.792814 2.791076 2.791076 2.789334 2.787599 2.78587 2.784149 2.782434 2.780726 2.779024 2.777327 2.775635 2.775635 2.773949 2.772267 2.770589 2.768915 2.767244 2.765576 2.763911 2.762249 2.760587 2.760587 2.758928 2.75727 2.755612 2.753954 2.752297 2.750638 2.74898 2.747319 2.745657 2.745657 2.743993 2.742326 2.740656 2.738983 2.737307 2.735626 2.733941 2.732251 2.730556 2.730556 2.728855 2.727149 2.725435 2.723716 2.721989
2.812837 2.811251 2.80965 2.808035 2.806406 2.804765 2.803112 2.803112 2.801447 2.79977 2.798083 2.796386 2.79468 2.792966 2.791243 2.789513 2.787777 2.787777 2.786038 2.784306 2.782581 2.780864 2.779153 2.777449 2.775751 2.774059 2.772372 2.772372 2.77069 2.769014 2.767341 2.765673 2.764008 2.762346 2.760687 2.759031 2.757376 2.757376 2.755723 2.754072 2.752421 2.750771 2.74912 2.74747 2.745818 2.744166 2.742512 2.742512 2.740856 2.739198 2.737537 2.735873 2.734205 2.732533 2.730857 2.729177 2.727491 2.727491 2.7258 2.724103 2.7224 2.72069 2.718974
