testfiles/govdocs/026/026739.txt
ncols         526
nrows         829
xllcorner     1332799.6993106
yllcorner     1675809.0137207
cellsize      900
NODATA_value  -9999
[rows 420 to 447 of 829, columns 441 to 503 of 526]
3.236564 3.232604 3.228657 3.224724 3.224724 3.220806 3.216921 3.213121 3.209409 3.205784 3.202242 3.198782 3.195402 3.192099 3.192099 3.188872 3.185717 3.182632 3.179616 3.176664 3.173775 3.170946 3.168174 3.165456 3.165456 3.162789 3.16017 3.157597 3.155066 3.152574 3.150118 3.147695 3.145301 3.142933 3.142933 3.140588 3.138263 3.135953 3.133656 3.131367 3.129084 3.126802 3.124519 3.122229 3.122229 3.11993 3.117618 3.115288 3.112938 3.110563 3.108159 3.105722 3.103249 3.100735 3.100735 3.098176 3.095569 3.092909 3.090192 3.087414 3.08457 3.081659 3.078692
3.232432 3.228496 3.224573 3.220666 3.220666 3.216776 3.212944 3.209203 3.20555 3.201984 3.198502 3.195102 3.191782 3.188539 3.188539 3.18537 3.182275 3.179249 3.176291 3.173397 3.170564 3.167791 3.165074 3.16241 3.16241 3.159796 3.157229 3.154706 3.152224 3.149779 3.147368 3.144988 3.142636 3.140308 3.140308 3.138 3.135709 3.133432 3.131165 3.128903 3.126645 3.124385 3.122119 3.119845 3.119845 3.117558 3.115255 3.11293 3.110581 3.108204 3.105793 3.103346 3.100859 3.098326 3.098326 3.095744 3.093109 3.090416 3.087662 3.084841 3.081951 3.079004 3.076009
3.22832 3.224409 3.220513 3.216632 3.216632 3.212777 3.209005 3.205323 3.201731 3.198225 3.194803 3.191463 3.188203 3.18502 3.18502 3.181912 3.178875 3.175909 3.173008 3.170172 3.167396 3.164678 3.162016 3.159405 3.159405 3.156843 3.154327 3.151853 3.149418 3.147019 3.144652 3.142314 3.140001 3.137711 3.137711 3.135438 3.13318 3.130933 3.128693 3.126456 3.124219 3.121978 3.119728 3.117465 3.117465 3.115187 3.112889 3.110566 3.108214 3.10583 3.103409 3.100947 3.09844 3.095884 3.095884 3.093273 3.090605 3.087874 3.085076 3.082208 3.079281 3.076306 3.073283
3.22423 3.220345 3.216474 3.212621 3.212621 3.208816 3.205104 3.201483 3.197951 3.194506 3.191145 3.187866 3.184667 3.181544 3.181544 3.178496 3.175519 3.172611 3.169768 3.166989 3.164269 3.161607 3.158998 3.15644 3.15644 3.153929 3.151462 3.149036 3.146647 3.144292 3.141968 3.13967 3.137395 3.13514 3.13514 3.1329 3.130673 3.128453 3.126238 3.124023 3.121804 3.119578 3.11734 3.115087 3.115087 3.112813 3.110516 3.10819 3.105831 3.103436 3.101 3.098519 3.095988 3.093402 3.093402 3.090758 3.088051 3.085276 3.082429 3.079522 3.076567 3.073565 3.070515
3.22423 3.220345 3.216474 3.212621 3.212621 3.208816 3.205104 3.201483 3.197951 3.194506 3.191145 3.187866 3.184667 3.181544 3.181544 3.178496 3.175519 3.172611 3.169768 3.166989 3.164269 3.161607 3.158998 3.15644 3.15644 3.153929 3.151462 3.149036 3.146647 3.144292 3.141968 3.13967 3.137395 3.13514 3.13514 3.1329 3.130673 3.128453 3.126238 3.124023 3.121804 3.119578 3.11734 3.115087 3.115087 3.112813 3.110516 3.10819 3.105831 3.103436 3.101 3.098519 3.095988 3.093402 3.093402 3.090758 3.088051 3.085276 3.082429 3.079522 3.076567 3.073565 3.070515
3.220162 3.216302 3.212459 3.208637 3.208637 3.204893 3.201242 3.197682 3.194212 3.190828 3.187529 3.184311 3.181173 3.17811 3.17811 3.175122 3.172204 3.169354 3.16657 3.163847 3.161183 3.158575 3.156019 3.153512 3.153512 3.151052 3.148633 3.146254 3.143909 3.141597 3.139313 3.137053 3.134815 3.132593 3.132593 3.130384 3.128184 3.12599 3.123796 3.1216 3.119397 3.117183 3.114953 3.112705 3.112705 3.110432 3.108132 3.105799 3.103429 3.101019 3.098562 3.096056 3.093495 3.090876 3.090876 3.088192 3.08544 3.082616 3.079728 3.076793 3.073812 3.070784 3.067707
3.216115 3.212282 3.208467 3.204691 3.204691 3.201008 3.197419 3.193922 3.190514 3.187192 3.183954 3.180798 3.177721 3.174719 3.174719 3.17179 3.168932 3.16614 3.163413 3.160746 3.158137 3.155582 3.153079 3.150623 3.150623 3.148211 3.145839 3.143505 3.141204 3.138932 3.136687 3.134463 3.132258 3.130067 3.130067 3.127886 3.125712 3.123539 3.121364 3.119184 3.116993 3.114787 3.112563 3.110315 3.110315 3.108039 3.105731 3.103387 3.101002 3.098571 3.096089 3.093553 3.090958 3.088298 3.088298 3.085569 3.082767 3.079899 3.076984 3.074024 3.071017 3.067962 3.06486
3.21209 3.208285 3.204499 3.200783 3.200783 3.197163 3.193636 3.190202 3.186856 3.183597 3.180421 3.177327 3.17431 3.171369 3.171369 3.1685 3.1657 3.162967 3.160296 3.157685 3.15513 3.152628 3.150175 3.147769 3.147769 3.145404 3.143079 3.140788 3.138528 3.136295 3.134086 3.131896 3.129722 3.12756 3.12756 3.125404 3.123252 3.121098 3.118939 3.116771 3.114589 3.112388 3.110164 3.107913 3.107913 3.10563 3.103311 3.10095 3.098544 3.096088 3.093576 3.091005 3.088369 3.085663 3.085663 3.082883 3.080035 3.077141 3.0742 3.071214 3.068181 3.065101 3.061974
3.208088 3.204312 3.200567 3.196913 3.196913 3.193357 3.189894 3.186522 3.183239 3.180043 3.17693 3.173897 3.170942 3.168061 3.168061 3.165251 3.16251 3.159834 3.157219 3.154663 3.152161 3.149711 3.147308 3.144949 3.144949 3.142631 3.140349 3.1381 3.135879 3.133684 3.131509 3.129351 3.127205 3.125068 3.125068 3.122935 3.120802 3.118664 3.116518 3.114358 3.11218 3.10998 3.107753 3.105495 3.105495 3.1032 3.100864 3.098483 3.096051 3.093564 3.091017 3.088404 3.085722 3.082965 3.082965 3.080136 3.077261 3.074342 3.071376 3.068365 3.065307 3.062202 3.05905
3.204109 3.200361 3.196673 3.193083 3.193083 3.18959 3.186191 3.182883 3.179664 3.17653 3.17348 3.170509 3.167614 3.164793 3.164793 3.162043 3.159359 3.15674 3.154181 3.151678 3.149228 3.146828 3.144475 3.142162 3.142162 3.139888 3.137648 3.135439 3.133256 3.131095 3.128952 3.126823 3.124703 3.122589 3.122589 3.120476 3.118358 3.116233 3.114095 3.11194 3.109763 3.10756 3.105326 3.103055 3.103055 3.100744 3.098387 3.09598 3.093517 3.090993 3.088405 3.085746 3.083011 3.080203 3.080203 3.077347 3.074448 3.071503 3.068513 3.065477 3.062396 3.059267 3.05609
3.200152 3.196441 3.192817 3.189292 3.189292 3.185864 3.182529 3.179285 3.17613 3.173059 3.17007 3.167161 3.164327 3.161566 3.161566 3.158875 3.156249 3.153685 3.15118 3.14873 3.146331 3.14398 3.141673 3.139406 3.139406 3.137175 3.134975 3.132804 3.130656 3.128527 3.126413 3.12431 3.122214 3.120119 3.120119 3.118022 3.115917 3.113801 3.111668 3.109514 3.107334 3.105123 3.102876 3.10059 3.10059 3.098257 3.095874 3.093435 3.090935 3.088371 3.085734 3.083022 3.080234 3.077399 3.077399 3.074519 3.071595 3.068626 3.065613 3.062553 3.059447 3.056295 3.053095
3.196219 3.19256 3.189001 3.185541 3.185541 3.182178 3.178908 3.175728 3.172636 3.169629 3.166702 3.163854 3.161081 3.158379 3.158379 3.155745 3.153176 3.150667 3.148215 3.145817 3.143468 3.141165 3.138903 3.136679 3.136679 3.134489 3.132327 3.130191 3.128076 3.125977 3.12389 3.12181 3.119734 3.117655 3.117655 3.115571 3.113475 3.111364 3.109232 3.107075 3.104887 3.102664 3.100401 3.098092 3.098092 3.095733 3.093318 3.090843 3.088301 3.085688 3.082999 3.080231 3.077415 3.074556 3.074556 3.071652 3.068705 3.065713 3.062675 3.059592 3.056463 3.053288 3.050066
3.192311 3.188717 3.185224 3.18183 3.18183 3.178532 3.175327 3.172211 3.169183 3.166239 3.163374 3.160588 3.157874 3.155231 3.155231 3.152654 3.15014 3.147686 3.145286 3.142938 3.140637 3.13838 3.136162 3.133979 3.133979 3.131828 3.129702 3.127599 3.125514 3.123442 3.121378 3.119319 3.117259 3.115194 3.115194 3.113119 3.111028 3.108918 3.106783 3.104618 3.102418 3.100179 3.097894 3.095558 3.095558 3.093168 3.090716 3.088198 3.085608 3.082941 3.080195 3.077397 3.074558 3.071675 3.071675 3.068748 3.065778 3.062762 3.059703 3.056597 3.053445 3.050248 3.047003
3.188441 3.184913 3.181487 3.178159 3.178159 3.174926 3.171786 3.168735 3.165771 3.162889 3.160086 3.15736 3.154706 3.152121 3.152121 3.1496 3.147141 3.144739 3.14239 3.140091 3.137837 3.135624 3.133448 3.131305 3.131305 3.129189 3.127097 3.125025 3.122967 3.120919 3.118876 3.116833 3.114787 3.112731 3.112731 3.110661 3.108572 3.106459 3.104316 3.102139 3.099923 3.097661 3.09535 3.092982 3.092982 3.090554 3.088059 3.085493 3.082849 3.080123 3.077345 3.074525 3.071662 3.068757 3.068757 3.065808 3.062815 3.059777 3.056695 3.053567 3.050394 3.047174 3.043908
3.188441 3.184913 3.181487 3.178159 3.178159 3.174926 3.171786 3.168735 3.165771 3.162889 3.160086 3.15736 3.154706 3.152121 3.152121 3.1496 3.147141 3.144739 3.14239 3.140091 3.137837 3.135624 3.133448 3.131305 3.131305 3.129189 3.127097 3.125025 3.122967 3.120919 3.118876 3.116833 3.114787 3.112731 3.112731 3.110661 3.108572 3.106459 3.104316 3.102139 3.099923 3.097661 3.09535 3.092982 3.092982 3.090554 3.088059 3.085493 3.082849 3.080123 3.077345 3.074525 3.071662 3.068757 3.068757 3.065808 3.062815 3.059777 3.056695 3.053567 3.050394 3.047174 3.043908
3.18461 3.181149 3.177789 3.174527 3.174527 3.171361 3.168286 3.165299 3.162398 3.159579 3.156837 3.154171 3.151576 3.149047 3.149047 3.146582 3.144176 3.141826 3.139527 3.137275 3.135065 3.132895 3.130759 3.128652 3.128652 3.12657 3.12451 3.122465 3.120431 3.118404 3.116379 3.11435 3.112313 3.110263 3.110263 3.108195 3.106103 3.103982 3.101828 3.099634 3.097395 3.095107 3.092763 3.090358 3.090358 3.087887 3.085343 3.082722 3.080018 3.077259 3.074458 3.071615 3.068731 3.065803 3.065803 3.062832 3.059817 3.056758 3.053654 3.050505 3.04731 3.044069 3.040782
3.180817 3.177424 3.174131 3.170936 3.170936 3.167835 3.164825 3.161903 3.159065 3.156308 3.153627 3.15102 3.148482 3.14601 3.14601 3.143599 3.141245 3.138945 3.136693 3.134487 3.132321 3.130191 3.128092 3.126019 3.126019 3.12397 3.121937 3.119917 3.117905 3.115896 3.113884 3.111865 3.109834 3.107786 3.107786 3.105715 3.103616 3.101483 3.099312 3.097096 3.09483 3.09251 3.090128 3.08768 3.08768 3.08516 3.082561 3.079879 3.077138 3.074357 3.071534 3.06867 3.065763 3.062814 3.062814 3.059822 3.056786 3.053705 3.05058 3.04741 3.044194 3.040933 3.037626
3.177064 3.173738 3.170513 3.167385 3.167385 3.164349 3.161405 3.158546 3.155771 3.153075 3.150455 3.147906 3.145425 3.143007 3.143007 3.140649 3.138346 3.136094 3.133889 3.131726 3.129601 3.127508 3.125445 3.123405 3.123405 3.121383 3.119376 3.117378 3.115384 3.113389 3.111388 3.109375 3.107346 3.105295 3.105295 3.103217 3.101106 3.098956 3.096763 3.094521 3.092223 3.089864 3.087439 3.084942 3.084942 3.082366 3.079706 3.076984 3.074222 3.071419 3.068575 3.06569 3.062762 3.059792 3.059792 3.056778 3.053721 3.05062 3.047474 3.044284 3.041049 3.037767 3.03444
3.17335 3.170093 3.166934 3.163873 3.163873 3.160903 3.158023 3.155228 3.152515 3.14988 3.147319 3.144828 3.142402 3.140038 3.140038 3.137731 3.135477 3.133272 3.131111 3.12899 3.126903 3.124847 3.122815 3.120804 3.120804 3.118809 3.116824 3.114845 3.112865 3.110881 3.108886 3.106876 3.104845 3.102787 3.102787 3.100696 3.098569 3.096398 3.094177 3.091902 3.089567 3.087165 3.08469 3.082137 3.082137 3.079499 3.076796 3.074052 3.071269 3.068446 3.065581 3.062675 3.059727 3.056736 3.056736 3.053702 3.050625 3.047504 3.044338 3.041128 3.037873 3.034572 3.031225
3.169676 3.166486 3.163396 3.1604 3.1604 3.157496 3.15468 3.151949 3.149297 3.146722 3.144219 3.141783 3.139412 3.1371 3.1371 3.134844 3.132638 3.130477 3.128358 3.126276 3.124225 3.122202 3.1202 3.118216 3.118216 3.116244 3.114278 3.112313 3.110345 3.108367 3.106375 3.104363 3.102325 3.100255 3.100255 3.098149 3.095999 3.093801 3.091549 3.089236 3.086857 3.084404 3.081874 3.079259 3.079259 3.076574 3.073849 3.071086 3.068282 3.065438 3.062554 3.059627 3.056659 3.053648 3.053648 3.050595 3.047498 3.044357 3.041172 3.037943 3.034668 3.031349 3.027984
3.16604 3.162919 3.159896 3.156967 3.156967 3.154128 3.151376 3.148706 3.146115 3.143599 3.141153 3.138773 3.136455 3.134193 3.134193 3.131984 3.129824 3.127707 3.125627 3.123582 3.121566 3.119572 3.117598 3.115637 3.115637 3.113683 3.111733 3.10978 3.107819 3.105844 3.10385 3.101832 3.099782 3.097697 3.097697 3.095569 3.093392 3.091162 3.088871 3.086515 3.084085 3.081578 3.078985 3.076319 3.076319 3.073613 3.070868 3.068085 3.065262 3.062398 3.059494 3.056548 3.05356 3.05053 3.05053 3.047457 3.044341 3.041181 3.037977 3.034729 3.031437 3.028099 3.024716
3.162444 3.159391 3.156435 3.153571 3.153571 3.150797 3.148108 3.1455 3.142969 3.140511 3.13812 3.135794 3.133527 3.131315 3.131315 3.129152 3.127035 3.124958 3.122917 3.120906 3.11892 3.116954 3.115004 3.113063 3.113063 3.111126 3.109187 3.107242 3.105284 3.103308 3.101308 3.099278 3.097213 3.095105 3.095105 3.092951 3.090742 3.088474 3.08614 3.083733 3.081248 3.078677 3.07603 3.073343 3.073343 3.070618 3.067854 3.065051 3.062209 3.059326 3.056402 3.053437 3.05043 3.047381 3.047381 3.04429 3.041155 3.037977 3.034755 3.031489 3.028178 3.024823 3.021422
3.158887 3.155902 3.153012 3.150214 3.150214 3.147504 3.144877 3.14233 3.139857 3.137455 3.13512 3.132846 3.130628 3.128463 3.128463 3.126344 3.124269 3.12223 3.120224 3.118244 3.116287 3.114346 3.112415 3.110491 3.110491 3.108566 3.106636 3.104694 3.102735 3.100753 3.098743 3.096697 3.09461 3.092477 3.092477 3.09029 3.088044 3.085731 3.083347 3.080884 3.078336 3.075709 3.07304 3.070334 3.070334 3.06759 3.064807 3.061985 3.059124 3.056222 3.05328 3.050296 3.047271 3.044204 3.044204 3.041094 3.037941 3.034745 3.031505 3.028222 3.024894 3.021521 3.018104
3.155368 3.15245 3.149627 3.146894 3.146894 3.144247 3.141681 3.139194 3.136779 3.134432 3.132149 3.129925 3.127756 3.125636 3.125636 3.123559 3.121522 3.11952 3.117545 3.115595 3.113662 3.111742 3.109829 3.107918 3.107918 3.106001 3.104075 3.102133 3.100169 3.098176 3.09615 3.094084 3.091971 3.089805 3.089805 3.08758 3.08529 3.082928 3.080488 3.077962 3.075354 3.072704 3.070017 3.067292 3.067292 3.064529 3.061728 3.058888 3.056008 3.053088 3.050128 3.047126 3.044083 3.040998 3.040998 3.03787 3.0347 3.031487 3.02823 3.02493 3.021585 3.018196 3.014761
3.155368 3.15245 3.149627 3.146894 3.146894 3.144247 3.141681 3.139194 3.136779 3.134432 3.132149 3.129925 3.127756 3.125636 3.125636 3.123559 3.121522 3.11952 3.117545 3.115595 3.113662 3.111742 3.109829 3.107918 3.107918 3.106001 3.104075 3.102133 3.100169 3.098176 3.09615 3.094084 3.091971 3.089805 3.089805 3.08758 3.08529 3.082928 3.080488 3.077962 3.075354 3.072704 3.070017 3.067292 3.067292 3.064529 3.061728 3.058888 3.056008 3.053088 3.050128 3.047126 3.044083 3.040998 3.040998 3.03787 3.0347 3.031487 3.02823 3.02493 3.021585 3.018196 3.014761
3.151887 3.149037 3.146279 3.14361 3.14361 3.141025 3.13852 3.136091 3.133732 3.131439 3.129208 3.127032 3.124908 3.122831 3.122831 3.120795 3.118794 3.116824 3.11488 3.112954 3.111044 3.109141 3.107242 3.105339 3.105339 3.103428 3.101501 3.099554 3.09758 3.095572 3.093525 3.091433 3.089288 3.087085 3.087085 3.084817 3.082477 3.080059 3.077555 3.074967 3.072335 3.069666 3.066961 3.064218 3.064218 3.061437 3.058618 3.05576 3.052863 3.049925 3.046947 3.043928 3.040867 3.037765 3.037765 3.03462 3.031433 3.028203 3.02493 3.021613 3.018251 3.014846 3.011397
3.148444 3.14566 3.142967 3.140362 3.140362 3.137838 3.135392 3.13302 3.130716 3.128475 3.126293 3.124164 3.122084 3.120047 3.120047 3.118047 3.116081 3.114141 3.112223 3.11032 3.108428 3.106539 3.10465 3.102752 3.102752 3.100841 3.09891 3.096953 3.094964 3.092936 3.090864 3.088739 3.086557 3.084311 3.084311 3.081993 3.079597 3.077116 3.074547 3.071933 3.069283 3.066597 3.063874 3.061113 3.061113 3.058315 3.055479 3.052603 3.049688 3.046733 3.043738 3.040702 3.037624 3.034505 3.034505 3.031344 3.028141 3.024894 3.021605 3.018272 3.014895 3.011475 3.00801
3.145038 3.14232 3.139692 3.137148 3.137148 3.134685 3.132297 3.129979 3.127728 3.125538 3.123403 3.121319 3.11928 3.11728 3.11728 3.115316 3.11338 3.111467 3.109572 3.107688 3.10581 3.103932 3.102048 3.100152 3.100152 3.098236 3.096296 3.094325 3.092316 3.090263 3.088159 3.085998 3.083772 3.081476 3.081476 3.079102 3.076643 3.074095 3.071498 3.068867 3.0662 3.063496 3.060756 3.057979 3.057979 3.055164 3.05231 3.049417 3.046486 3.043514 3.040502 3.03745 3.034356 3.03122 3.03122 3.028043 3.024824 3.021562 3.018257 3.014909 3.011517 3.008081 3.004602
