testfiles/govdocs/026/026749.txt
* Sea-Bird SBE 9 Data File:
* FileName = C:\CTDDATA\KA70211.dat
* Software Version Seasave Win32 V 5.30b
* Temperature SN = 2126
* Conductivity SN = 0524
* Number of Bytes Per Scan = 30
* Number of Voltage Words = 4
* Number of Scans Averaged by the Deck Unit = 1
** Nominal Latitude: 6S
** Nominal Longitude: 180W
# nquan = 14                                
# nvalues = 2002                        
# units = specified
# name 0 = scan: Scan Count
# name 1 = timeS: Time, Elapsed [seconds]
# name 2 = prDM: Pressure, Digiquartz [db]
# name 3 = t068C: Temperature [ITS-68, deg C]
# name 4 = t168C: Temperature, 2 [ITS-68, deg C]
# name 5 = c0mS/cm: Conductivity [mS/cm]
# name 6 = c1mS/cm: Conductivity, 2 [mS/cm]
# name 7 = v0: Voltage 0
# name 8 = v1: Voltage 1
# name 9 = v2: Voltage 2
# name 10 = nbin: number of scans per bin
# name 11 = sal00: Salinity [PSU]
# name 12 = sal11: Salinity, 2 [PSU]
# name 13 = flag: flag
# span 0 =         75,      72600       
# span 1 =      3.098,   3024.964       
# span 2 =      1.000,   1002.000       
# span 3 =     4.4421,    30.3785       
# span 4 =     4.4499,    30.3811       
# span 5 =  32.998302,  59.224602       
# span 6 =  33.002689,  59.200397       
# span 7 =     0.0888,     0.1654       
# span 8 =     0.0903,     0.2363       
# span 9 =     2.5714,     3.9126       
# span 10 =         12,         64      
# span 11 =    34.5147,    36.1495      
# span 12 =    34.5114,    36.1414      
# span 13 = 0.0000e+00, 0.0000e+00      
# interval = decibars: 1                
# start_time = Nov 16 2006 23:52:40
# bad_flag = -9.990e-29
*END*
[from data line 1446]
      50093   2087.177    556.000     7.0794     7.0787  35.197918  35.195011     0.0921     0.0945     2.8571         22    34.5528    34.5503 0.0000e+00
      50121   2088.322    555.000     7.0845     7.0888  35.202538  35.204060     0.0918     0.0948     2.8571         36    34.5531    34.5506 0.0000e+00
      50200   2091.632    554.000     7.1233     7.1249  35.239475  35.238167     0.0923     0.0945     2.8569         39    34.5553    34.5523 0.0000e+00
      50234   2093.031    553.000     7.1296     7.1304  35.244911  35.243080     0.0913     0.0952     2.8565         25    34.5555    34.5527 0.0000e+00
      50257   2094.016    552.000     7.1338     7.1323  35.249027  35.244587     0.0899     0.0961     2.8566         24    34.5562    34.5528 0.0000e+00
      50282   2095.030    551.000     7.1487     7.1453  35.261963  35.256466     0.0932     0.0942     2.8560         24    34.5560    34.5534 0.0000e+00
      50304   2095.976    550.000     7.1607     7.1604  35.273277  35.270054     0.0937     0.0940     2.8559         22    34.5569    34.5536 0.0000e+00
      50326   2096.854    549.000     7.1692     7.1685  35.281433  35.277512     0.0925     0.0940     2.8559         21    34.5578    34.5541 0.0000e+00
      50352   2097.955    548.000     7.1758     7.1762  35.286999  35.284756     0.0921     0.0955     2.8557         31    34.5578    34.5549 0.0000e+00
      50434   2101.360    547.000     7.1852     7.1856  35.295273  35.292458     0.0918     0.0952     2.8547         33    34.5578    34.5545 0.0000e+00
      50463   2102.583    546.000     7.1898     7.1902  35.299343  35.296894     0.0922     0.0941     2.8543         26    34.5582    34.5551 0.0000e+00
      50489   2103.669    545.000     7.1922     7.1926  35.301285  35.298672     0.0916     0.0949     2.8538         28    34.5584    34.5552 0.0000e+00
      50520   2104.952    544.000     7.1952     7.1978  35.303268  35.302868     0.0923     0.0957     2.8535         33    34.5581    34.5551 0.0000e+00
      50551   2106.250    543.000     7.2049     7.2029  35.312119  35.307487     0.0921     0.0968     2.8532         27    34.5585    34.5555 0.0000e+00
      50576   2107.275    542.000     7.2179     7.2171  35.323887  35.320778     0.0935     0.0953     2.8524         23    34.5589    34.5563 0.0000e+00
      50600   2108.275    541.000     7.2264     7.2239  35.332195  35.327427     0.0932     0.0961     2.8523         27    34.5600    34.5573 0.0000e+00
      50637   2109.846    540.000     7.2365     7.2383  35.341484  35.340233     0.0936     0.0948     2.8521         50    34.5605    34.5574 0.0000e+00
      50698   2112.372    539.000     7.2433     7.2432  35.347050  35.343712     0.0934     0.0951     2.8509         43    34.5603    34.5567 0.0000e+00
      50726   2113.537    538.000     7.2449     7.2451  35.348438  35.345531     0.0935     0.0952     2.8510         23    34.5607    34.5574 0.0000e+00
      50748   2114.461    537.000     7.2475     7.2478  35.350639  35.347828     0.0937     0.0958     2.8501         24    34.5610    34.5576 0.0000e+00
      50776   2115.642    536.000     7.2517     7.2536  35.354095  35.352825     0.0920     0.0947     2.8499         33    34.5611    34.5578 0.0000e+00
      50808   2116.964    535.000     7.2536     7.2554  35.355255  35.353916     0.0918     0.0943     2.8499         30    34.5609    34.5577 0.0000e+00
      50846   2118.527    534.000     7.2640     7.2631  35.364910  35.361183     0.0909     0.0951     2.8498         50    34.5615    34.5583 0.0000e+00
      50898   2120.711    533.000     7.2767     7.2736  35.376076  35.370083     0.0934     0.0942     2.8498         41    34.5615    34.5581 0.0000e+00
      50926   2121.870    532.000     7.2875     7.2861  35.386715  35.382286     0.0946     0.0945     2.8498         22    34.5629    34.5594 0.0000e+00
      50947   2122.751    531.000     7.2947     7.2887  35.393280  35.384491     0.0942     0.0947     2.8498         21    34.5633    34.5597 0.0000e+00
      50971   2123.754    530.000     7.3125     7.3080  35.410320  35.404480     0.0930     0.0940     2.8498         29    34.5646    34.5627 0.0000e+00
      51006   2125.222    529.000     7.3582     7.3545  35.452682  35.445564     0.0919     0.0942     2.8498         40    34.5657    34.5617 0.0000e+00
      51045   2126.819    528.000     7.3846     7.3717  35.477779  35.461933     0.0914     0.0951     2.8500         36    34.5672    34.5628 0.0000e+00
      51077   2128.151    527.000     7.3973     7.3942  35.490223  35.485184     0.0899     0.0949     2.8499         28    34.5685    34.5661 0.0000e+00
      51106   2129.375    526.000     7.4054     7.4049  35.498276  35.494980     0.0907     0.0940     2.8498         33    34.5697    34.5667 0.0000e+00
      51142   2130.879    525.000     7.4136     7.4141  35.505196  35.503151     0.0937     0.0954     2.8498         38    34.5696    34.5668 0.0000e+00
      51180   2132.461    524.000     7.4175     7.4160  35.508675  35.504215     0.0923     0.0954     2.8498         37    34.5700    34.5666 0.0000e+00
      51216   2133.941    523.000     7.4203     7.4198  35.510944  35.507729     0.0909     0.0952     2.8498         35    34.5701    34.5671 0.0000e+00
      51251   2135.434    522.000     7.4224     7.4229  35.512463  35.510090     0.0916     0.0959     2.8498         34    34.5701    34.5670 0.0000e+00
      51280   2136.645    521.000     7.4251     7.4255  35.514622  35.512402     0.0909     0.0951     2.8498         25    34.5703    34.5674 0.0000e+00
      51305   2137.677    520.000     7.4291     7.4299  35.518166  35.515953     0.0904     0.0948     2.8497         26    34.5706    34.5674 0.0000e+00
      51338   2139.047    519.000     7.4316     7.4336  35.520161  35.519066     0.0914     0.0941     2.8493         42    34.5708    34.5676 0.0000e+00
      51378   2140.688    518.000     7.4359     7.4354  35.523460  35.520115     0.0924     0.0952     2.8492         31    34.5705    34.5674 0.0000e+00
      51403   2141.751    517.000     7.4401     7.4393  35.527515  35.523945     0.0914     0.0951     2.8487         23    34.5712    34.5682 0.0000e+00
      51429   2142.846    516.000     7.4488     7.4463  35.535732  35.530632     0.0904     0.0951     2.8487         33    34.5719    34.5690 0.0000e+00
      51472   2144.616    515.000     7.4645     7.4632  35.550171  35.545986     0.0904     0.0951     2.8487         45    34.5725    34.5693 0.0000e+00
      51507   2146.082    514.000     7.4744     7.4708  35.559654  35.553581     0.0913     0.0940     2.8488         29    34.5734    34.5704 0.0000e+00
      51541   2147.507    513.000     7.4801     7.4780  35.565277  35.560493     0.0910     0.0947     2.8489         43    34.5744    34.5713 0.0000e+00
      51586   2149.385    512.000     7.4874     7.4864  35.571014  35.567448     0.0929     0.0946     2.8494         38    34.5738    34.5709 0.0000e+00
      51615   2150.597    511.000     7.4910     7.4918  35.574799  35.572689     0.0910     0.0939     2.8496         25    34.5748    34.5717 0.0000e+00
      51641   2151.662    510.000     7.4943     7.4940  35.577705  35.574478     0.0923     0.0950     2.8498         27    34.5752    34.5720 0.0000e+00
      51669   2152.841    509.000     7.4975     7.4985  35.580135  35.578144     0.0903     0.0939     2.8498         28    34.5751    34.5719 0.0000e+00
      51696   2153.940    508.000     7.4996     7.5013  35.581898  35.580196     0.0909     0.0940     2.8498         26    34.5754    34.5719 0.0000e+00
      51722   2155.032    507.000     7.5065     7.5052  35.588303  35.583836     0.0908     0.0947     2.8499         28    34.5759    34.5724 0.0000e+00
      51766   2156.860    506.000     7.5342     7.5315  35.614151  35.607952     0.0917     0.0951     2.8506         56    34.5769    34.5729 0.0000e+00
      51817   2159.004    505.000     7.5603     7.5551  35.637169  35.630833     0.0903     0.0943     2.8518         31    34.5765    34.5747 0.0000e+00
      51841   2159.990    504.000     7.5878     7.5754  35.664257  35.650127     0.0892     0.0940     2.8523         22    34.5789    34.5759 0.0000e+00
      51863   2160.913    503.000     7.6122     7.5993  35.688652  35.675251     0.0937     0.0951     2.8523         24    34.5816    34.5799 0.0000e+00
      51896   2162.296    502.000     7.6518     7.6467  35.726456  35.719326     0.0915     0.0929     2.8530         44    34.5837    34.5810 0.0000e+00
      51940   2164.118    501.000     7.6849     7.6804  35.756706  35.748272     0.0914     0.0943     2.8538         37    34.5839    34.5794 0.0000e+00
      51971   2165.409    500.000     7.7006     7.6960  35.772579  35.766068     0.0927     0.0951     2.8546         29    34.5860    34.5836 0.0000e+00
      52002   2166.711    499.000     7.7131     7.7083  35.784313  35.777794     0.0909     0.0945     2.8547         34    34.5867    34.5845 0.0000e+00
      52036   2168.111    498.000     7.7290     7.7247  35.799023  35.792282     0.0915     0.0934     2.8534         31    34.5873    34.5844 0.0000e+00
      52063   2169.253    497.000     7.7432     7.7409  35.812874  35.807678     0.0907     0.0940     2.8547         25    34.5887    34.5854 0.0000e+00
      52087   2170.268    496.000     7.7545     7.7524  35.823421  35.819168     0.0925     0.0950     2.8545         24    34.5893    34.5869 0.0000e+00
      52117   2171.487    495.000     7.7712     7.7717  35.840012  35.837620     0.0923     0.0947     2.8547         39    34.5911    34.5881 0.0000e+00
      52168   2173.640    494.000     7.7890     7.7887  35.855732  35.852264     0.0905     0.0928     2.8542         52    34.5910    34.5875 0.0000e+00
      52207   2175.245    493.000     7.7902     7.7899  35.856602  35.853203     0.0899     0.0950     2.8538         32    34.5912    34.5878 0.0000e+00
      52237   2176.518    492.000     7.7940     7.7936  35.859962  35.856472     0.0904     0.0946     2.8535         30    34.5915    34.5882 0.0000e+00
      52267   2177.769    491.000     7.7996     7.7990  35.864811  35.861431     0.0908     0.0949     2.8535         29    34.5916    34.5886 0.0000e+00
      52295   2178.928    490.000     7.8080     7.8068  35.872475  35.867802     0.0909     0.0942     2.8533         27    34.5921    34.5882 0.0000e+00
      52320   2179.973    489.000     7.8185     7.8206  35.882305  35.881920     0.0904     0.0960     2.8534         24    34.5928    34.5903 0.0000e+00
      52349   2181.168    488.000     7.8324     7.8413  35.896145  35.901825     0.0910     0.0941     2.8528         37    34.5943    34.5916 0.0000e+00
      52402   2183.360    487.000     7.8895     7.8717  35.950100  35.930347     0.0913     0.0936     2.8524         57    34.5963    34.5927 0.0000e+00
      52442   2185.047    486.000     7.9119     7.8935  35.972904  35.953285     0.0903     0.0941     2.8523         28    34.5992    34.5962 0.0000e+00
      52466   2186.050    485.000     7.9266     7.9192  35.986694  35.976707     0.0917     0.0942     2.8523         23    34.6000    34.5965 0.0000e+00
      52490   2187.042    484.000     7.9341     7.9304  35.993420  35.987320     0.0922     0.0944     2.8523         26    34.6002    34.5973 0.0000e+00
      52519   2188.265    483.000     7.9442     7.9478  36.002274  36.003250     0.0947     0.0938     2.8523         33    34.6002    34.5977 0.0000e+00
      52557   2189.846    482.000     7.9591     7.9569  36.015213  36.010639     0.0940     0.0941     2.8524         42    34.5998    34.5971 0.0000e+00
      52597   2191.494    481.000     7.9638     7.9618  36.020020  36.015640     0.0908     0.0947     2.8532         35    34.6009    34.5981 0.0000e+00
      52628   2192.805    480.000     7.9914     7.9809  36.046158  36.034607     0.0907     0.0940     2.8512         29    34.6020    34.6001 0.0000e+00
      52659   2194.077    479.000     8.0152     8.0054  36.069420  36.058090     0.0935     0.0950     2.8531         34    34.6039    34.6015 0.0000e+00
      52696   2195.619    478.000     8.0452     8.0410  36.097229  36.090649     0.0969     0.0953     2.8535         38    34.6046    34.6017 0.0000e+00
      52731   2197.080    477.000     8.0667     8.0493  36.117744  36.098663     0.0914     0.0968     2.8536         31    34.6058    34.6026 0.0000e+00
      52758   2198.220    476.000     8.0809     8.0785  36.132729  36.128269     0.0901     0.0945     2.8545         25    34.6083    34.6059 0.0000e+00
      52784   2199.295    475.000     8.0964     8.0918  36.147507  36.140343     0.0901     0.0947     2.8541         28    34.6093    34.6062 0.0000e+00
      52818   2200.728    474.000     8.1274     8.1160  36.175468  36.164539     0.0909     0.0951     2.8546         43    34.6091    34.6086 0.0000e+00
      52861   2202.508    473.000     8.1403     8.1327  36.187313  36.178764     0.0937     0.0933     2.8547         37    34.6095    34.6079 0.0000e+00
      52894   2203.888    472.000     8.1489     8.1488  36.197884  36.194786     0.0916     0.0933     2.8547         31    34.6128    34.6096 0.0000e+00
      52925   2205.187    471.000     8.1615     8.1586  36.209393  36.203636     0.0916     0.0937     2.8552         31    34.6132    34.6099 0.0000e+00
      52956   2206.468    470.000     8.2015     8.1713  36.248547  36.216957     0.0916     0.0940     2.8555         32    34.6161    34.6121 0.0000e+00
      52989   2207.818    469.000     8.2528     8.2222  36.294407  36.267094     0.0931     0.0940     2.8559         33    34.6149    34.6159 0.0000e+00
      53022   2209.194    468.000     8.2622     8.2646  36.307350  36.307938     0.0916     0.0940     2.8569         32    34.6199    34.6181 0.0000e+00
      53052   2210.469    467.000     8.2757     8.2809  36.319500  36.322903     0.0919     0.0940     2.8571         30    34.6200    34.6186 0.0000e+00
      53086   2211.865    466.000     8.2843     8.2870  36.328468  36.328159     0.0927     0.0946     2.8571         39    34.6216    34.6187 0.0000e+00
      53127   2213.587    465.000     8.2875     8.2885  36.330578  36.328777     0.0910     0.0947     2.8579         39    34.6211    34.6183 0.0000e+00
      53162   2215.030    464.000     8.2915     8.2914  36.334129  36.331120     0.0903     0.0935     2.8584         32    34.6215    34.6184 0.0000e+00
      53192   2216.304    463.000     8.2971     8.2955  36.338856  36.334824     0.0908     0.0944     2.8595         29    34.6215    34.6187 0.0000e+00
      53220   2217.443    462.000     8.3030     8.2998  36.344490  36.338615     0.0909     0.0940     2.8596         26    34.6222    34.6190 0.0000e+00
      53247   2218.604    461.000     8.3214     8.3085  36.361591  36.347031     0.0921     0.0931     2.8605         30    34.6227    34.6199 0.0000e+00
      53280   2219.949    460.000     8.3530     8.3409  36.389893  36.377541     0.0914     0.0940     2.8613         36    34.6222    34.6210 0.0000e+00
      53320   2221.625    459.000     8.3900     8.3708  36.425034  36.407146     0.0912     0.0939     2.8626         43    34.6237    34.6235 0.0000e+00
      53360   2223.294    458.000     8.4246     8.4055  36.462017  36.441120     0.0931     0.0933     2.8641         36    34.6295    34.6260 0.0000e+00
      53393   2224.661    457.000     8.4642     8.4523  36.501381  36.486919     0.0921     0.0940     2.8651         29    34.6328    34.6291 0.0000e+00
      53420   2225.802    456.000     8.4735     8.4701  36.510159  36.503986     0.0936     0.0940     2.8669         27    34.6334    34.6302 0.0000e+00
      53447   2226.909    455.000     8.4819     8.4793  36.518559  36.513077     0.0920     0.0948     2.8678         27    34.6345    34.6313 0.0000e+00
