testfiles/govdocs/026/026749.txt
* Sea-Bird SBE 9 Data File:
* FileName = C:\CTDDATA\KA70211.dat
* Software Version Seasave Win32 V 5.30b
* Temperature SN = 2126
* Conductivity SN = 0524
* Number of Bytes Per Scan = 30
* Number of Voltage Words = 4
* Number of Scans Averaged by the Deck Unit = 1
** Nominal Latitude: 6S
** Nominal Longitude: 180W
# nquan = 14                                
# nvalues = 2002                        
# units = specified
# name 0 = scan: Scan Count
# name 1 = timeS: Time, Elapsed [seconds]
# name 2 = prDM: Pressure, Digiquartz [db]
# name 3 = t068C: Temperature [ITS-68, deg C]
# name 4 = t168C: Temperature, 2 [ITS-68, deg C]
# name 5 = c0mS/cm: Conductivity [mS/cm]
# name 6 = c1mS/cm: Conductivity, 2 [mS/cm]
# name 7 = v0: Voltage 0
# name 8 = v1: Voltage 1
# name 9 = v2: Voltage 2
# name 10 = nbin: number of scans per bin
# name 11 = sal00: Salinity [PSU]
# name 12 = sal11: Salinity, 2 [PSU]
# name 13 = flag: flag
# span 0 =         75,      72600       
# span 1 =      3.098,   3024.964       
# span 2 =      1.000,   1002.000       
# span 3 =     4.4421,    30.3785       
# span 4 =     4.4499,    30.3811       
# span 5 =  32.998302,  59.224602       
# span 6 =  33.002689,  59.200397       
# span 7 =     0.0888,     0.1654       
# span 8 =     0.0903,     0.2363       
# span 9 =     2.5714,     3.9126       
# span 10 =         12,         64      
# span 11 =    34.5147,    36.1495      
# span 12 =    34.5114,    36.1414      
# span 13 = 0.0000e+00, 0.0000e+00      
# interval = decibars: 1                
# start_time = Nov 16 2006 23:52:40
# bad_flag = -9.990e-29
*END*
[from data line 1755]
      60626   2526.036    247.000    16.1728    16.1112  44.533504  44.461159     0.0906     0.0935     3.4823         22    35.3132    35.3036 0.0000e+00
      60650   2527.053    246.000    16.3309    16.3149  44.697727  44.682796     0.0906     0.0930     3.4823         27    35.3192    35.3201 0.0000e+00
      60678   2528.207    245.000    16.5634    16.3309  44.957218  44.705788     0.0945     0.0926     3.4821         27    35.3432    35.3267 0.0000e+00
      60706   2529.385    244.000    16.7458    16.5723  45.168480  44.967480     0.0933     0.0921     3.4813         30    35.3686    35.3449 0.0000e+00
      60738   2530.710    243.000    16.8620    16.7671  45.297947  45.197166     0.0929     0.0936     3.4798         31    35.3801    35.3753 0.0000e+00
      60764   2531.793    242.000    16.9506    16.8897  45.391922  45.337429     0.0908     0.0929     3.4786         22    35.3848    35.3907 0.0000e+00
      60785   2532.659    241.000    16.9881    16.9619  45.446541  45.409866     0.0915     0.0938     3.4775         20    35.4000    35.3910 0.0000e+00
      60806   2533.527    240.000    17.0850    17.0416  45.556961  45.504917     0.0911     0.0940     3.4764         23    35.4116    35.4043 0.0000e+00
      60831   2534.564    239.000    17.2345    17.2231  45.723858  45.713280     0.0914     0.0930     3.4744         27    35.4262    35.4269 0.0000e+00
      60860   2535.777    238.000    17.4738    17.3218  45.984291  45.828331     0.0910     0.0937     3.4712         29    35.4429    35.4407 0.0000e+00
      60886   2536.875    237.000    17.5608    17.5066  46.090237  46.018517     0.0900     0.0928     3.4689         24    35.4589    35.4442 0.0000e+00
      60908   2537.782    236.000    17.6117    17.5880  46.150421  46.120544     0.0912     0.0931     3.4660         21    35.4667    35.4616 0.0000e+00
      60930   2538.701    235.000    17.7056    17.6787  46.253578  46.231026     0.0908     0.0936     3.4642         24    35.4741    35.4781 0.0000e+00
      60958   2539.896    234.000    17.7918    17.7624  46.355309  46.315853     0.0896     0.0928     3.4606         33    35.4868    35.4785 0.0000e+00
      60988   2541.115    233.000    17.8365    17.8192  46.403618  46.384617     0.0917     0.0918     3.4571         22    35.4897    35.4885 0.0000e+00
      61007   2541.899    232.000    17.8968    17.8748  46.477432  46.446369     0.0909     0.0924     3.4548         17    35.5010    35.4935 0.0000e+00
      61022   2542.558    231.000    18.0184    17.9652  46.625988  46.568676     0.0902     0.0931     3.4524         16    35.5228    35.5201 0.0000e+00
      61039   2543.251    230.000    18.2644    18.1572  46.899723  46.788834     0.0902     0.0940     3.4509         18    35.5433    35.5418 0.0000e+00
      61065   2544.325    229.000    18.3721    18.3741  47.026180  47.029156     0.0907     0.0944     3.4469         37    35.5579    35.5587 0.0000e+00
      61110   2546.205    228.000    18.5269    18.4817  47.195061  47.140202     0.0903     0.0938     3.4398         42    35.5676    35.5602 0.0000e+00
      61142   2547.527    227.000    18.5869    18.5621  47.267746  47.240513     0.0912     0.0928     3.4349         27    35.5777    35.5761 0.0000e+00
      61167   2548.602    226.000    18.6286    18.5957  47.314449  47.270901     0.0896     0.0937     3.4320         25    35.5816    35.5731 0.0000e+00
      61190   2549.552    225.000    18.7207    18.6686  47.422592  47.360455     0.0910     0.0921     3.4293         21    35.5937    35.5862 0.0000e+00
      61209   2550.352    224.000    18.8412    18.7822  47.562313  47.500355     0.0890     0.0924     3.4268         18    35.6080    35.6066 0.0000e+00
      61226   2551.057    223.000    18.9136    18.8937  47.648052  47.626724     0.0894     0.0932     3.4247         16    35.6181    35.6173 0.0000e+00
      61242   2551.725    222.000    19.0489    19.0160  47.808064  47.769573     0.0897     0.0940     3.4225         16    35.6364    35.6324 0.0000e+00
      61260   2552.443    221.000    19.1196    19.1049  47.886971  47.872795     0.0899     0.0951     3.4200         19    35.6421    35.6429 0.0000e+00
      61285   2553.481    220.000    19.1388    19.1484  47.907833  47.915520     0.0894     0.0936     3.4157         33    35.6434    35.6416 0.0000e+00
      61332   2555.458    219.000    19.1824    19.1638  47.956707  47.929920     0.0895     0.0940     3.4092         56    35.6472    35.6408 0.0000e+00
      61374   2557.227    218.000    19.1912    19.1810  47.964302  47.950062     0.0896     0.0947     3.4049         29    35.6464    35.6433 0.0000e+00
      61399   2558.233    217.000    19.2030    19.1981  47.980457  47.969677     0.0904     0.0952     3.4043         22    35.6501    35.6454 0.0000e+00
      61418   2559.060    216.000    19.3522    19.3361  48.155823  48.137623     0.0903     0.0940     3.4042         18    35.6689    35.6676 0.0000e+00
      61436   2559.781    215.000    19.6021    19.5587  48.449703  48.391445     0.0904     0.0940     3.4032         17    35.6997    35.6884 0.0000e+00
      61453   2560.483    214.000    19.7564    19.7060  48.626148  48.571465     0.0915     0.0940     3.4020         17    35.7144    35.7122 0.0000e+00
      61471   2561.236    213.000    19.8516    19.8205  48.738163  48.696903     0.0913     0.0940     3.4008         19    35.7261    35.7185 0.0000e+00
      61492   2562.129    212.000    19.9323    19.8993  48.829926  48.782566     0.0893     0.0942     3.3990         24    35.7334    35.7224 0.0000e+00
      61517   2563.183    211.000    20.0535    19.9991  48.969551  48.900227     0.0907     0.0952     3.3965         27    35.7454    35.7347 0.0000e+00
      61547   2564.400    210.000    20.2693    20.1782  49.217323  49.116055     0.0900     0.0952     3.3934         31    35.7658    35.7601 0.0000e+00
      61615   2567.256    209.000    20.6235    20.6034  49.638351  49.615929     0.0911     0.0947     3.3877         51    35.8096    35.8083 0.0000e+00
      61662   2569.209    208.000    20.8172    20.7612  49.862843  49.801682     0.0913     0.0952     3.3851         30    35.8285    35.8262 0.0000e+00
      61689   2570.323    207.000    20.8889    20.8160  49.952026  49.864243     0.0895     0.0981     3.3841         25    35.8406    35.8311 0.0000e+00
      61713   2571.334    206.000    21.0975    21.0189  50.198307  50.131435     0.0898     0.0968     3.3826         25    35.8640    35.8763 0.0000e+00
      61741   2572.504    205.000    21.4452    21.4247  50.607853  50.603985     0.0898     0.0972     3.3806         33    35.9014    35.9154 0.0000e+00
      61782   2574.208    204.000    21.7394    21.6748  50.976173  50.891735     0.0912     0.0980     3.3753         47    35.9494    35.9361 0.0000e+00
      61829   2576.163    203.000    21.9754    21.7462  51.253014  50.995293     0.0902     0.1001     3.3701         48    35.9726    35.9592 0.0000e+00
      61915   2579.767    202.000    22.0487    22.0208  51.347580  51.306969     0.0924     0.0999     3.3652         32    35.9866    35.9778 0.0000e+00
      61949   2581.161    201.000    22.0487    22.0329  51.350269  51.321793     0.0904     0.0998     3.3645         26    35.9891    35.9797 0.0000e+00
      61979   2582.413    200.000    22.0581    22.0543  51.360886  51.346481     0.0899     0.1005     3.3644         35    35.9900    35.9818 0.0000e+00
      62725   2613.502    199.000    22.1162    22.1169  51.426189  51.415970     0.0911     0.1026     3.4890         35    35.9936    35.9850 0.0000e+00
      63263   2635.920    198.000    22.1429    22.1496  51.457500  51.452106     0.0918     0.1020     3.5781         31    35.9965    35.9866 0.0000e+00
      63290   2637.041    197.000    22.1601    22.1677  51.477234  51.473377     0.0914     0.1013     3.5810         28    35.9981    35.9888 0.0000e+00
      63316   2638.110    196.000    22.1775    22.2966  51.495018  51.632832     0.0916     0.1024     3.5824         24    35.9980    36.0077 0.0000e+00
      63340   2639.130    195.000    22.3213    22.6273  51.655754  52.034119     0.0919     0.1026     3.5847         25    36.0055    36.0487 0.0000e+00
      63364   2640.135    194.000    22.5998    22.7975  51.987823  52.213226     0.0936     0.1015     3.5867         24    36.0356    36.0483 0.0000e+00
      63389   2641.159    193.000    22.7492    22.9825  52.169960  52.428074     0.0916     0.1041     3.5877         26    36.0547    36.0632 0.0000e+00
      63418   2642.372    192.000    22.8685    23.1481  52.296623  52.605927     0.0916     0.1057     3.5892         32    36.0553    36.0653 0.0000e+00
      63450   2643.714    191.000    23.1097    23.3291  52.590767  52.830597     0.0907     0.1067     3.5903         29    36.0854    36.0907 0.0000e+00
      63476   2644.808    190.000    23.3733    23.4717  52.883266  53.007324     0.0934     0.1052     3.5910         25    36.0954    36.1103 0.0000e+00
      63501   2645.830    189.000    23.4234    23.5629  52.952091  53.113617     0.0939     0.1063     3.5918         25    36.1076    36.1177 0.0000e+00
      63527   2646.938    188.000    23.6045    23.6611  53.158043  53.218933     0.0934     0.1078     3.5922         28    36.1181    36.1186 0.0000e+00
      63554   2648.036    187.000    23.7120    23.7773  53.265766  53.338566     0.0910     0.1087     3.5926         24    36.1133    36.1158 0.0000e+00
      63576   2648.953    186.000    23.7672    23.8331  53.340286  53.398808     0.0920     0.1091     3.5931         21    36.1256    36.1167 0.0000e+00
      63597   2649.853    185.000    23.8236    23.8727  53.399899  53.442520     0.0927     0.1094     3.5930         23    36.1255    36.1181 0.0000e+00
      63630   2651.221    184.000    23.8715    23.9149  53.450146  53.482697     0.0926     0.1094     3.5930         46    36.1252    36.1147 0.0000e+00
      63674   2653.028    183.000    23.8870    23.9251  53.462196  53.494728     0.0913     0.1052     3.5925         30    36.1221    36.1160 0.0000e+00
      63695   2653.926    182.000    23.9642    23.9755  53.547882  53.550884     0.0939     0.1083     3.5922         18    36.1250    36.1181 0.0000e+00
      63713   2654.646    181.000    24.0223    24.0632  53.611286  53.653244     0.0939     0.1099     3.5922         17    36.1264    36.1251 0.0000e+00
      63730   2655.385    180.000    24.0734    24.1215  53.672768  53.713135     0.0929     0.1099     3.5917         20    36.1320    36.1236 0.0000e+00
      63752   2656.286    179.000    24.1098    24.1303  53.711269  53.717922     0.0930     0.1101     3.5916         24    36.1320    36.1204 0.0000e+00
      63777   2657.331    178.000    24.1445    24.1685  53.746471  53.764091     0.0939     0.1115     3.5904         25    36.1309    36.1249 0.0000e+00
      63802   2658.363    177.000    24.3066    24.3324  53.919491  53.958435     0.0946     0.1123     3.5897         24    36.1310    36.1396 0.0000e+00
      63828   2659.445    176.000    24.4587    24.5164  54.093388  54.157185     0.0927     0.1130     3.5890         29    36.1398    36.1414 0.0000e+00
      63861   2660.854    175.000    24.4087    24.8351  54.043926  54.495811     0.0953     0.1145     3.5877         38    36.1432    36.1396 0.0000e+00
      63897   2662.353    174.000    24.9233    24.8894  54.576984  54.542130     0.0940     0.1168     3.5854         31    36.1298    36.1309 0.0000e+00
      63923   2663.433    173.000    24.9539    24.9848  54.624657  54.649654     0.0939     0.1166     3.5838         23    36.1412    36.1351 0.0000e+00
      63947   2664.422    172.000    25.0284    25.0910  54.715210  54.768410     0.0940     0.1160     3.5823         25    36.1495    36.1390 0.0000e+00
      63972   2665.477    171.000    25.2239    25.2374  54.903313  54.926254     0.0944     0.1149     3.5802         25    36.1335    36.1398 0.0000e+00
      63995   2666.418    170.000    25.5027    25.5469  55.195103  55.233665     0.0962     0.1170     3.5788         21    36.1279    36.1213 0.0000e+00
      64015   2667.230    169.000    25.5776    25.6908  55.265884  55.378551     0.0972     0.1172     3.5773         18    36.1210    36.1142 0.0000e+00
      64033   2667.996    168.000    25.6749    25.7574  55.367989  55.448486     0.0960     0.1187     3.5753         19    36.1194    36.1133 0.0000e+00
      64053   2668.836    167.000    25.7990    25.8953  55.495064  55.588379     0.0959     0.1184     3.5728         22    36.1149    36.1073 0.0000e+00
      64078   2669.861    166.000    25.9470    26.1349  55.616306  55.795753     0.0946     0.1179     3.5703         27    36.0872    36.0705 0.0000e+00
      64105   2670.979    165.000    26.2201    26.2722  55.872749  55.920319     0.0955     0.1202     3.5668         26    36.0600    36.0538 0.0000e+00
      64130   2672.032    164.000    26.4230    26.4464  56.055393  56.080997     0.0952     0.1229     3.5633         26    36.0341    36.0344 0.0000e+00
      64166   2673.537    163.000    26.4246    26.6087  56.054226  56.218662     0.0960     0.1247     3.5580         49    36.0323    36.0076 0.0000e+00
      64210   2675.391    162.000    26.6273    26.6779  56.225697  56.266548     0.0981     0.1201     3.5537         30    35.9985    35.9886 0.0000e+00
      64231   2676.266    161.000    26.7407    26.7669  56.331837  56.346691     0.0964     0.1204     3.5505         17    35.9872    35.9775 0.0000e+00
      64248   2676.938    160.000    26.7769    26.8165  56.359543  56.387947     0.0976     0.1221     3.5481         16    35.9794    35.9690 0.0000e+00
      64263   2677.588    159.000    26.8439    26.9020  56.413433  56.452377     0.0966     0.1232     3.5461         16    35.9664    35.9494 0.0000e+00
      64281   2678.315    158.000    26.9057    26.9418  56.462196  56.475407     0.0969     0.1261     3.5433         19    35.9538    35.9354 0.0000e+00
      64304   2679.271    157.000    26.9421    26.9956  56.484245  56.514221     0.0993     0.1288     3.5402         27    35.9418    35.9220 0.0000e+00
      64332   2680.454    156.000    26.9588    27.0501  56.492886  56.542839     0.0984     0.1303     3.5365         29    35.9354    35.9007 0.0000e+00
      64360   2681.615    155.000    27.1300    27.1201  56.591164  56.580952     0.1005     0.1355     3.5332         26    35.8739    35.8743 0.0000e+00
      64385   2682.680    154.000    27.1865    27.1535  56.625343  56.605354     0.0988     0.1349     3.5300         26    35.8552    35.8663 0.0000e+00
      64414   2683.870    153.000    27.2514    27.2604  56.659340  56.660004     0.0988     0.1380     3.5275         34    35.8298    35.8234 0.0000e+00
      64454   2685.524    152.000    27.3111    27.2999  56.685322  56.671684     0.0981     0.1441     3.5243         36    35.8028    35.8017 0.0000e+00
      64479   2686.582    151.000    27.3309    27.3255  56.678795  56.672806     0.1003     0.1431     3.5229         19    35.7833    35.7831 0.0000e+00
      64495   2687.245    150.000    27.3355    27.3385  56.677601  56.669552     0.1016     0.1441     3.5220         15    35.7792    35.7712 0.0000e+00
      64509   2687.844    149.000    27.4043    27.4397  56.741711  56.778877     0.1111     0.1470     3.5216         14    35.7724    35.7718 0.0000e+00
      64525   2688.489    148.000    27.5358    27.5828  56.891022  56.931293     0.1043     0.1477     3.5213         17    35.7782    35.7709 0.0000e+00
      64545   2689.325    147.000    27.7842    27.7770  57.102657  57.082031     0.0977     0.1484     3.5201         24    35.7389    35.7298 0.0000e+00
      64575   2690.601    146.000    27.9226    27.8902  57.219948  57.181274     0.0978     0.1539     3.5188         36    35.7167    35.7141 0.0000e+00
      64612   2692.105    145.000    28.0379    27.9622  57.321571  57.246876     0.0970     0.1544     3.5169         36    35.7011    35.7059 0.0000e+00
