testfiles/govdocs/026/026749.txt
* Sea-Bird SBE 9 Data File:
* FileName = C:\CTDDATA\KA70211.dat
* Software Version Seasave Win32 V 5.30b
* Temperature SN = 2126
* Conductivity SN = 0524
* Number of Bytes Per Scan = 30
* Number of Voltage Words = 4
* Number of Scans Averaged by the Deck Unit = 1
** Nominal Latitude: 6S
** Nominal Longitude: 180W
# nquan = 14                                
# nvalues = 2002                        
# units = specified
# name 0 = scan: Scan Count
# name 1 = timeS: Time, Elapsed [seconds]
# name 2 = prDM: Pressure, Digiquartz [db]
# name 3 = t068C: Temperature [ITS-68, deg C]
# name 4 = t168C: Temperature, 2 [ITS-68, deg C]
# name 5 = c0mS/cm: Conductivity [mS/cm]
# name 6 = c1mS/cm: Conductivity, 2 [mS/cm]
# name 7 = v0: Voltage 0
# name 8 = v1: Voltage 1
# name 9 = v2: Voltage 2
# name 10 = nbin: number of scans per bin
# name 11 = sal00: Salinity [PSU]
# name 12 = sal11: Salinity, 2 [PSU]
# name 13 = flag: flag
# span 0 =         75,      72600       
# span 1 =      3.098,   3024.964       
# span 2 =      1.000,   1002.000       
# span 3 =     4.4421,    30.3785       
# span 4 =     4.4499,    30.3811       
# span 5 =  32.998302,  59.224602       
# span 6 =  33.002689,  59.200397       
# span 7 =     0.0888,     0.1654       
# span 8 =     0.0903,     0.2363       
# span 9 =     2.5714,     3.9126       
# span 10 =         12,         64      
# span 11 =    34.5147,    36.1495      
# span 12 =    34.5114,    36.1414      
# span 13 = 0.0000e+00, 0.0000e+00      
# interval = decibars: 1                
# start_time = Nov 16 2006 23:52:40
# bad_flag = -9.990e-29
*END*
[from data line 826]
      24145   1006.005    828.000     5.3592     5.3612  33.729431  33.729198     0.0996     0.1024     3.5172         24    34.5187    34.5164 0.0000e+00
      24173   1007.157    829.000     5.3562     5.3577  33.727329  33.726692     0.1001     0.1014     3.5172         32    34.5188    34.5166 0.0000e+00
      24206   1008.551    830.000     5.3554     5.3571  33.727028  33.726593     0.0999     0.1013     3.5170         31    34.5188    34.5166 0.0000e+00
      24232   1009.641    831.000     5.3546     5.3565  33.726658  33.726395     0.0992     0.1024     3.5171         23    34.5187    34.5165 0.0000e+00
      24256   1010.607    832.000     5.3509     5.3526  33.723591  33.723145     0.1000     0.1015     3.5168         25    34.5185    34.5162 0.0000e+00
      24286   1011.884    833.000     5.3474     5.3491  33.720711  33.720219     0.0996     0.1014     3.5169         39    34.5183    34.5161 0.0000e+00
      24326   1013.546    834.000     5.3451     5.3467  33.718914  33.718491     0.0996     0.1012     3.5167         32    34.5182    34.5160 0.0000e+00
      24350   1014.548    835.000     5.3415     5.3433  33.716179  33.715626     0.1009     0.1001     3.5159         21    34.5182    34.5157 0.0000e+00
      24371   1015.396    836.000     5.3380     5.3398  33.713306  33.712753     0.1004     0.1001     3.5152         20    34.5180    34.5155 0.0000e+00
      24394   1016.362    837.000     5.3349     5.3365  33.710724  33.710323     0.1001     0.1012     3.5136         28    34.5178    34.5156 0.0000e+00
      24432   1017.945    838.000     5.3304     5.3322  33.706684  33.706413     0.0998     0.1013     3.5135         45    34.5172    34.5151 0.0000e+00
      24467   1019.425    839.000     5.3176     5.3196  33.695023  33.694660     0.0984     0.1013     3.5129         26    34.5166    34.5141 0.0000e+00
      24490   1020.361    840.000     5.3082     5.3104  33.687241  33.687096     0.0994     0.1013     3.5129         20    34.5168    34.5144 0.0000e+00
      24510   1021.214    841.000     5.3055     5.3072  33.685509  33.684948     0.0984     0.1012     3.5128         21    34.5171    34.5147 0.0000e+00
      24533   1022.157    842.000     5.3025     5.3043  33.683056  33.682602     0.0993     0.1004     3.5128         25    34.5168    34.5145 0.0000e+00
      24559   1023.265    843.000     5.2971     5.2989  33.678753  33.678383     0.0999     0.1013     3.5128         28    34.5170    34.5148 0.0000e+00
      24588   1024.466    844.000     5.2885     5.2903  33.671505  33.670952     0.0989     0.1021     3.5128         31    34.5170    34.5145 0.0000e+00
      24627   1026.078    845.000     5.2833     5.2850  33.667561  33.667126     0.0987     0.1021     3.5128         43    34.5174    34.5151 0.0000e+00
      24661   1027.498    846.000     5.2783     5.2801  33.663544  33.663078     0.0996     0.1023     3.5124         25    34.5174    34.5150 0.0000e+00
      24684   1028.444    847.000     5.2721     5.2739  33.659454  33.658962     0.0992     0.1005     3.5119         22    34.5186    34.5161 0.0000e+00
      24706   1029.378    848.000     5.2691     5.2707  33.657986  33.657467     0.0993     0.1021     3.5118         24    34.5195    34.5172 0.0000e+00
      24731   1030.416    849.000     5.2617     5.2638  33.651352  33.651081     0.0992     0.1015     3.5120         25    34.5190    34.5165 0.0000e+00
      24756   1031.441    850.000     5.2515     5.2533  33.643280  33.642727     0.0987     0.1002     3.5119         24    34.5197    34.5172 0.0000e+00
      24779   1032.414    851.000     5.2440     5.2458  33.637985  33.637440     0.1004     0.1013     3.5103         24    34.5208    34.5184 0.0000e+00
      24808   1033.615    852.000     5.2414     5.2431  33.636375  33.635929     0.0994     0.1013     3.5100         35    34.5211    34.5189 0.0000e+00
      24849   1035.316    853.000     5.2384     5.2403  33.634289  33.633888     0.0993     0.1020     3.5087         43    34.5213    34.5190 0.0000e+00
      24887   1036.915    854.000     5.2321     5.2339  33.629475  33.628960     0.0986     0.1013     3.5081         32    34.5218    34.5194 0.0000e+00
      24913   1038.000    855.000     5.2310     5.2327  33.629196  33.628674     0.0983     0.1013     3.5080         23    34.5221    34.5198 0.0000e+00
      24935   1038.912    856.000     5.2290     5.2307  33.627834  33.627476     0.0997     0.1026     3.5079         21    34.5222    34.5199 0.0000e+00
      24955   1039.736    857.000     5.2245     5.2263  33.624287  33.623768     0.1001     0.1014     3.5079         19    34.5222    34.5197 0.0000e+00
      24973   1040.519    858.000     5.2197     5.2214  33.620422  33.619991     0.0994     0.1022     3.5079         18    34.5222    34.5199 0.0000e+00
      24993   1041.351    859.000     5.2182     5.2199  33.619507  33.618977     0.0993     0.1019     3.5079         23    34.5222    34.5198 0.0000e+00
      25027   1042.762    860.000     5.2163     5.2179  33.618309  33.617790     0.0988     0.1014     3.5078         49    34.5223    34.5200 0.0000e+00
      25074   1044.719    861.000     5.2126     5.2143  33.615494  33.615009     0.0970     0.1024     3.5072         37    34.5224    34.5201 0.0000e+00
      25105   1046.004    862.000     5.2078     5.2097  33.611736  33.611275     0.0980     0.1020     3.5072         27    34.5224    34.5200 0.0000e+00
      25132   1047.121    863.000     5.2008     5.2026  33.605743  33.605320     0.1004     0.1005     3.5060         28    34.5223    34.5200 0.0000e+00
      25160   1048.312    864.000     5.1972     5.1988  33.603058  33.602329     0.1016     0.1012     3.5054         26    34.5225    34.5200 0.0000e+00
      25182   1049.225    865.000     5.1908     5.1927  33.597431  33.596924     0.0983     0.1013     3.5054         20    34.5221    34.5196 0.0000e+00
      25201   1050.019    866.000     5.1779     5.1799  33.586399  33.585842     0.0985     0.1023     3.5034         18    34.5221    34.5195 0.0000e+00
      25221   1050.818    867.000     5.1701     5.1720  33.579964  33.579445     0.0994     0.1026     3.5032         21    34.5223    34.5198 0.0000e+00
      25254   1052.200    868.000     5.1605     5.1623  33.571285  33.570721     0.0987     0.1013     3.5031         37    34.5217    34.5192 0.0000e+00
      25319   1054.917    869.000     5.1518     5.1531  33.563793  33.563042     0.0976     0.1016     3.5031         31    34.5216    34.5194 0.0000e+00
      25345   1055.998    870.000     5.1442     5.1464  33.557335  33.557076     0.0975     0.1013     3.5023         23    34.5215    34.5189 0.0000e+00
      25365   1056.827    871.000     5.1404     5.1420  33.554569  33.553909     0.0987     0.1013     3.5022         19    34.5217    34.5193 0.0000e+00
      25384   1057.644    872.000     5.1382     5.1400  33.552906  33.552265     0.0999     0.1024     3.5024         20    34.5215    34.5190 0.0000e+00
      25406   1058.558    873.000     5.1356     5.1372  33.550919  33.550415     0.0990     0.1016     3.5022         24    34.5215    34.5192 0.0000e+00
      25440   1059.947    874.000     5.1336     5.1353  33.549484  33.549019     0.0987     0.1019     3.5006         47    34.5213    34.5190 0.0000e+00
      25490   1062.026    875.000     5.1286     5.1304  33.545300  33.544765     0.0985     0.1021     3.4993         42    34.5212    34.5188 0.0000e+00
      25522   1063.366    876.000     5.1225     5.1241  33.540508  33.539898     0.0978     0.1003     3.4981         27    34.5215    34.5191 0.0000e+00
      25549   1064.501    877.000     5.1191     5.1206  33.537758  33.537083     0.0995     0.1010     3.4982         31    34.5214    34.5190 0.0000e+00
      25586   1066.030    878.000     5.1121     5.1140  33.531231  33.530823     0.0998     0.1011     3.4982         40    34.5205    34.5181 0.0000e+00
      25621   1067.493    879.000     5.0994     5.1015  33.519367  33.518997     0.0995     0.1029     3.4980         30    34.5194    34.5169 0.0000e+00
      25652   1068.786    880.000     5.0872     5.0891  33.508472  33.508087     0.0993     0.1014     3.4971         33    34.5190    34.5166 0.0000e+00
      25682   1070.044    881.000     5.0802     5.0819  33.502403  33.501766     0.1068     0.1013     3.4969         25    34.5187    34.5162 0.0000e+00
      25704   1070.971    882.000     5.0715     5.0734  33.494259  33.493687     0.0993     0.1001     3.4951         21    34.5178    34.5152 0.0000e+00
      25727   1071.925    883.000     5.0611     5.0627  33.485237  33.484413     0.0984     0.1022     3.4947         26    34.5176    34.5151 0.0000e+00
      25762   1073.355    884.000     5.0552     5.0566  33.480255  33.479527     0.0992     0.1008     3.4934         44    34.5175    34.5152 0.0000e+00
      25806   1075.194    885.000     5.0528     5.0545  33.478573  33.478111     0.0987     0.1007     3.4933         45    34.5176    34.5153 0.0000e+00
      25863   1077.590    886.000     5.0515     5.0529  33.477867  33.477112     0.0972     0.1005     3.4932         54    34.5176    34.5152 0.0000e+00
      25897   1079.004    887.000     5.0493     5.0510  33.476479  33.475925     0.0979     0.1007     3.4927         21    34.5177    34.5153 0.0000e+00
      25915   1079.740    888.000     5.0424     5.0448  33.470051  33.469692     0.0983     0.1014     3.4928         16    34.5169    34.5141 0.0000e+00
      25931   1080.406    889.000     5.0359     5.0376  33.464771  33.464233     0.0982     0.1013     3.4925         16    34.5170    34.5146 0.0000e+00
      25948   1081.145    890.000     5.0304     5.0322  33.460350  33.459946     0.0986     0.1013     3.4920         21    34.5172    34.5148 0.0000e+00
      25997   1083.153    891.000     5.0234     5.0245  33.454292  33.453350     0.0988     0.1007     3.4900         37    34.5168    34.5147 0.0000e+00
      26042   1085.049    892.000     5.0092     5.0117  33.441032  33.440716     0.0990     0.1012     3.4885         20    34.5157    34.5128 0.0000e+00
      26060   1085.809    893.000     4.9872     4.9894  33.422272  33.421783     0.1002     0.1013     3.4884         20    34.5162    34.5134 0.0000e+00
      26105   1087.672    894.000     4.9789     4.9805  33.415665  33.414970     0.0982     0.1013     3.4884         35    34.5167    34.5142 0.0000e+00
      26159   1089.904    895.000     4.9668     4.9669  33.404671  33.402584     0.0983     0.1013     3.4884         19    34.5160    34.5135 0.0000e+00
      26174   1090.538    896.000     4.9494     4.9517  33.389446  33.388840     0.0990     0.1013     3.4884         16    34.5158    34.5129 0.0000e+00
      26190   1091.201    897.000     4.9351     4.9371  33.377632  33.377056     0.0980     0.1013     3.4884         17    34.5165    34.5138 0.0000e+00
      26212   1092.133    898.000     4.9309     4.9326  33.374626  33.374119     0.0984     0.1007     3.4881         28    34.5169    34.5145 0.0000e+00
      26270   1094.543    899.000     4.9305     4.9320  33.374992  33.374397     0.0986     0.1011     3.4875         35    34.5171    34.5149 0.0000e+00
      26297   1095.656    900.000     4.9299     4.9316  33.375313  33.374783     0.0995     0.1017     3.4877         27    34.5177    34.5154 0.0000e+00
      26328   1096.940    901.000     4.9298     4.9314  33.375832  33.375263     0.0998     0.1018     3.4879         36    34.5179    34.5156 0.0000e+00
      26366   1098.541    902.000     4.9236     4.9254  33.371609  33.371166     0.0986     0.1013     3.4876         37    34.5189    34.5165 0.0000e+00
      26398   1099.868    903.000     4.9224     4.9241  33.371590  33.371025     0.0992     0.1013     3.4877         28    34.5196    34.5172 0.0000e+00
      26424   1100.958    904.000     4.9226     4.9243  33.372406  33.371822     0.1000     0.1024     3.4876         25    34.5198    34.5174 0.0000e+00
      26450   1102.044    905.000     4.9230     4.9246  33.373295  33.372765     0.0995     0.1016     3.4872         29    34.5200    34.5177 0.0000e+00
      26492   1103.783    906.000     4.9233     4.9249  33.373943  33.373371     0.1006     0.1022     3.4866         55    34.5199    34.5176 0.0000e+00
      26536   1105.627    907.000     4.9225     4.9243  33.373894  33.373425     0.0987     0.1013     3.4858         29    34.5202    34.5178 0.0000e+00
      26561   1106.661    908.000     4.9150     4.9169  33.368427  33.367870     0.1001     0.1002     3.4856         23    34.5211    34.5185 0.0000e+00
      26585   1107.658    909.000     4.9074     4.9093  33.362225  33.361839     0.0993     0.1012     3.4847         26    34.5213    34.5189 0.0000e+00
      26617   1109.011    910.000     4.8982     4.8999  33.354172  33.353588     0.0992     0.1008     3.4851         39    34.5210    34.5185 0.0000e+00
      26652   1110.478    911.000     4.8891     4.8911  33.346466  33.346062     0.0983     0.1022     3.4843         27    34.5209    34.5184 0.0000e+00
      26677   1111.493    912.000     4.8776     4.8797  33.336857  33.336441     0.0993     0.1034     3.4836         26    34.5212    34.5186 0.0000e+00
      26714   1113.041    913.000     4.8710     4.8720  33.331043  33.329826     0.0986     0.1001     3.4835         54    34.5208    34.5184 0.0000e+00
      26768   1115.303    914.000     4.8647     4.8653  33.325748  33.324341     0.0991     0.1008     3.4835         39    34.5207    34.5185 0.0000e+00
      26795   1116.418    915.000     4.8618     4.8635  33.324059  33.323433     0.0993     0.1013     3.4835         22    34.5213    34.5188 0.0000e+00
      26815   1117.258    916.000     4.8609     4.8627  33.323856  33.323246     0.0993     0.1013     3.4835         20    34.5214    34.5189 0.0000e+00
      26838   1118.209    917.000     4.8537     4.8556  33.318069  33.317638     0.0995     0.1017     3.4835         28    34.5217    34.5192 0.0000e+00
      26880   1119.939    918.000     4.8481     4.8500  33.313110  33.312767     0.0982     0.1017     3.4832         53    34.5213    34.5189 0.0000e+00
      26927   1121.921    919.000     4.8438     4.8454  33.309658  33.309032     0.0988     0.1005     3.4829         37    34.5212    34.5189 0.0000e+00
      26958   1123.226    920.000     4.8413     4.8430  33.307987  33.307365     0.1000     0.1019     3.4827         31    34.5214    34.5189 0.0000e+00
      26990   1124.531    921.000     4.8404     4.8421  33.307735  33.307209     0.0993     0.1017     3.4820         31    34.5215    34.5192 0.0000e+00
      27021   1125.817    922.000     4.8387     4.8404  33.306969  33.306374     0.0977     0.1017     3.4813         31    34.5218    34.5194 0.0000e+00
      27055   1127.251    923.000     4.8384     4.8400  33.307632  33.307064     0.1007     0.1006     3.4800         39    34.5225    34.5201 0.0000e+00
      27091   1128.770    924.000     4.8371     4.8387  33.307270  33.306675     0.0994     0.1029     3.4787         29    34.5229    34.5205 0.0000e+00
      27117   1129.844    925.000     4.8351     4.8369  33.306110  33.305656     0.0994     0.1014     3.4790         26    34.5231    34.5207 0.0000e+00
      27150   1131.212    926.000     4.8285     4.8303  33.300835  33.300266     0.0985     0.1004     3.4786         34    34.5233    34.5208 0.0000e+00
      27223   1134.234    927.000     4.8165     4.8173  33.290649  33.289249     0.0979     0.1022     3.4785         40    34.5234    34.5210 0.0000e+00
      27246   1135.223    928.000     4.8009     4.8029  33.277214  33.276615     0.0981     0.1013     3.4781         21    34.5235    34.5207 0.0000e+00
      27266   1136.030    929.000     4.7945     4.7964  33.271778  33.271286     0.0981     0.1013     3.4779         19    34.5233    34.5208 0.0000e+00
      27288   1136.978    930.000     4.7872     4.7890  33.266483  33.265842     0.0987     0.1010     3.4776         29    34.5242    34.5216 0.0000e+00
