testfiles/govdocs/026/026739.txt
ncols         526
nrows         829
xllcorner     1332799.6993106
yllcorner     1675809.0137207
cellsize      900
NODATA_value  -9999
[rows 280 to 307 of 829, columns 441 to 503 of 526]
3.741313 3.739084 3.736827 3.734542 3.734542 3.73223 3.729891 3.727524 3.72513 3.722708 3.72026 3.717785 3.715283 3.712755 3.712755 3.7102 3.707619 3.705012 3.702379 3.699719 3.697035 3.694325 3.69159 3.68883 3.68883 3.686045 3.683235 3.680401 3.677543 3.674662 3.671749 3.668782 3.665773 3.66274 3.66274 3.6597 3.656665 3.653649 3.650663 3.647717 3.644819 3.641977 3.639197 3.636484 3.636484 3.633842 3.631273 3.628779 3.62636 3.624017 3.621747 3.619549 3.617419 3.615353 3.615353 3.613348 3.611397 3.609494 3.607622 3.605561 3.603226 3.60061 3.597709
3.738528 3.736237 3.733919 3.731573 3.731573 3.729199 3.726799 3.724371 3.721916 3.719434 3.716926 3.71439 3.711828 3.70924 3.70924 3.706625 3.703984 3.701317 3.698625 3.695906 3.693163 3.690394 3.6876 3.684781 3.684781 3.681937 3.67907 3.676178 3.673262 3.670322 3.667356 3.664337 3.661273 3.658183 3.658183 3.655082 3.651985 3.648904 3.645852 3.642838 3.639872 3.636962 3.634113 3.63133 3.63133 3.628619 3.625982 3.62342 3.620935 3.618526 3.616192 3.613931 3.611741 3.609616 3.609616 3.607554 3.605548 3.603593 3.601629 3.599418 3.596929 3.594155 3.591094
3.735678 3.733327 3.730949 3.728542 3.728542 3.726109 3.723648 3.721161 3.718646 3.716104 3.713536 3.710941 3.70832 3.705672 3.705672 3.702998 3.700299 3.697573 3.694822 3.692046 3.689244 3.686417 3.683565 3.680689 3.680689 3.677788 3.674863 3.671914 3.668942 3.665946 3.662925 3.659857 3.65674 3.653594 3.653594 3.650434 3.647275 3.644132 3.641015 3.637936 3.634904 3.631926 3.62901 3.62616 3.62616 3.623382 3.620678 3.61805 3.6155 3.613027 3.61063 3.608308 3.606058 3.603877 3.603877 3.601759 3.599699 3.597693 3.595607 3.593244 3.590598 3.587665 3.584442
3.732769 3.730358 3.72792 3.725454 3.725454 3.722961 3.720441 3.717894 3.715321 3.71272 3.710093 3.70744 3.704761 3.702055 3.702055 3.699323 3.696566 3.693783 3.690974 3.688141 3.685282 3.682398 3.67949 3.676557 3.676557 3.6736 3.670619 3.667614 3.664586 3.661535 3.65846 3.655343 3.652176 3.648975 3.648975 3.645758 3.642541 3.639337 3.636158 3.633014 3.629917 3.626874 3.623892 3.620977 3.620977 3.618133 3.615363 3.612671 3.610057 3.607522 3.605064 3.602683 3.600375 3.598138 3.598138 3.595966 3.593855 3.591793 3.589558 3.587041 3.584237 3.581144 3.577759
3.732769 3.730358 3.72792 3.725454 3.725454 3.722961 3.720441 3.717894 3.715321 3.71272 3.710093 3.70744 3.704761 3.702055 3.702055 3.699323 3.696566 3.693783 3.690974 3.688141 3.685282 3.682398 3.67949 3.676557 3.676557 3.6736 3.670619 3.667614 3.664586 3.661535 3.65846 3.655343 3.652176 3.648975 3.648975 3.645758 3.642541 3.639337 3.636158 3.633014 3.629917 3.626874 3.623892 3.620977 3.620977 3.618133 3.615363 3.612671 3.610057 3.607522 3.605064 3.602683 3.600375 3.598138 3.598138 3.595966 3.593855 3.591793 3.589558 3.587041 3.584237 3.581144 3.577759
3.729802 3.727332 3.724835 3.722311 3.722311 3.719759 3.717181 3.714576 3.711945 3.709287 3.706602 3.703891 3.701154 3.698392 3.698392 3.695603 3.692789 3.68995 3.687085 3.684195 3.68128 3.678341 3.675377 3.672389 3.672389 3.669377 3.666341 3.663282 3.660199 3.657093 3.653965 3.650801 3.647584 3.644331 3.644331 3.64106 3.637785 3.634521 3.631281 3.628077 3.624916 3.621809 3.618763 3.615783 3.615783 3.612875 3.610043 3.607288 3.604612 3.602016 3.599499 3.597059 3.594695 3.592403 3.592403 3.590179 3.588018 3.585872 3.583484 3.58081 3.577848 3.574594 3.571048
3.726781 3.724253 3.721698 3.719115 3.719115 3.716507 3.713871 3.711209 3.708521 3.705806 3.703064 3.700298 3.697504 3.694685 3.694685 3.691841 3.688971 3.686076 3.683156 3.680211 3.677242 3.674248 3.67123 3.668188 3.668188 3.665122 3.662032 3.658919 3.655783 3.652625 3.649443 3.646233 3.642969 3.639666 3.639666 3.636341 3.633011 3.62969 3.626391 3.623125 3.619904 3.616735 3.613626 3.610584 3.610584 3.607614 3.604719 3.601902 3.599166 3.596511 3.593936 3.59144 3.589022 3.586677 3.586677 3.584403 3.582193 3.57993 3.577387 3.574556 3.571434 3.56802 3.564314
3.723708 3.721123 3.718511 3.715872 3.715872 3.713207 3.710515 3.707797 3.705052 3.702281 3.699484 3.696662 3.693814 3.69094 3.69094 3.68804 3.685116 3.682167 3.679193 3.676194 3.673171 3.670123 3.667052 3.663956 3.663956 3.660838 3.657696 3.654531 3.651343 3.648132 3.644899 3.641642 3.638332 3.634981 3.634981 3.631605 3.628222 3.624845 3.621489 3.618164 3.614883 3.611654 3.608484 3.605381 3.605381 3.60235 3.599395 3.596519 3.593724 3.591011 3.58838 3.58583 3.583358 3.580963 3.580963 3.578639 3.57638 3.573968 3.57127 3.56828 3.564999 3.561426 3.557561
3.720587 3.717945 3.715277 3.712583 3.712583 3.709862 3.707114 3.704341 3.701541 3.698716 3.695864 3.692987 3.690085 3.687157 3.687157 3.684204 3.681226 3.678224 3.675197 3.672145 3.669069 3.665969 3.662846 3.659699 3.659699 3.656528 3.653335 3.650119 3.646881 3.64362 3.640337 3.637031 3.633678 3.630281 3.630281 3.626856 3.62342 3.61999 3.616578 3.613197 3.609858 3.60657 3.603341 3.600179 3.600179 3.597089 3.594075 3.591141 3.588289 3.58552 3.582834 3.580231 3.577708 3.575263 3.575263 3.572891 3.570556 3.56799 3.565134 3.561986 3.558547 3.554816 3.550795
3.71742 3.714723 3.712 3.709251 3.709251 3.706475 3.703674 3.700846 3.697992 3.695113 3.692208 3.689277 3.686322 3.683341 3.683341 3.680336 3.677305 3.674251 3.671172 3.668068 3.664941 3.66179 3.658616 3.655418 3.655418 3.652198 3.648954 3.645688 3.6424 3.63909 3.635757 3.632404 3.62901 3.625568 3.625568 3.622096 3.618611 3.615128 3.611663 3.608227 3.604831 3.601486 3.5982 3.594981 3.594981 3.591833 3.588762 3.585772 3.582864 3.580041 3.577302 3.574647 3.572074 3.569581 3.569581 3.567164 3.564719 3.561997 3.558983 3.555678 3.552081 3.548194 3.54402
3.714211 3.71146 3.708683 3.70588 3.70588 3.70305 3.700195 3.697314 3.694408 3.691476 3.688518 3.685535 3.682528 3.679496 3.679496 3.676438 3.673357 3.670251 3.667121 3.663967 3.66079 3.657589 3.654365 3.651118 3.651118 3.647848 3.644555 3.641241 3.637904 3.634546 3.631166 3.627765 3.624331 3.620846 3.620846 3.617328 3.613795 3.610263 3.606745 3.603256 3.599806 3.596406 3.593064 3.589789 3.589789 3.586585 3.583459 3.580414 3.577452 3.574576 3.571786 3.569081 3.56646 3.56392 3.56392 3.561459 3.55887 3.555991 3.55282 3.549358 3.545606 3.541566 3.537242
3.710962 3.708158 3.705328 3.702472 3.702472 3.69959 3.696682 3.693749 3.69079 3.687807 3.684798 3.681764 3.678705 3.675622 3.675622 3.672515 3.669383 3.666227 3.663047 3.659844 3.656618 3.653368 3.650095 3.6468 3.6468 3.643482 3.640142 3.63678 3.633396 3.629991 3.626565 3.623117 3.619643 3.616117 3.616117 3.612556 3.608977 3.605397 3.601829 3.598288 3.594786 3.591332 3.587936 3.584607 3.584607 3.581349 3.578169 3.575071 3.572057 3.56913 3.56629 3.563536 3.560869 3.558285 3.558285 3.555756 3.553012 3.549976 3.546649 3.543031 3.539126 3.534937 3.530468
3.707677 3.704821 3.701938 3.69903 3.69903 3.696097 3.693138 3.690154 3.687144 3.68411 3.68105 3.677966 3.674858 3.671725 3.671725 3.668568 3.665387 3.662183 3.658954 3.655703 3.652428 3.649131 3.645811 3.642468 3.642468 3.639104 3.635717 3.632309 3.628879 3.625428 3.621957 3.618465 3.614949 3.611386 3.611386 3.607783 3.60416 3.600533 3.596917 3.593326 3.589773 3.586267 3.582819 3.579437 3.579437 3.576127 3.572895 3.569745 3.566681 3.563704 3.560816 3.558016 3.555303 3.552676 3.552676 3.550047 3.547146 3.543954 3.540472 3.536702 3.532647 3.528313 3.523704
3.704359 3.701451 3.698518 3.695559 3.695559 3.692574 3.689565 3.68653 3.683471 3.680387 3.677279 3.674145 3.670988 3.667806 3.667806 3.664601 3.661373 3.65812 3.654845 3.651546 3.648225 3.644881 3.641515 3.638126 3.638126 3.634716 3.631284 3.627831 3.624357 3.620861 3.617346 3.61381 3.610254 3.606653 3.606653 3.603011 3.599345 3.595674 3.592012 3.588373 3.58477 3.581215 3.577717 3.574283 3.574283 3.570922 3.56764 3.56444 3.561327 3.558302 3.555367 3.552522 3.549766 3.547097 3.547097 3.544332 3.541275 3.537929 3.534293 3.530374 3.526174 3.521698 3.516955
3.704359 3.701451 3.698518 3.695559 3.695559 3.692574 3.689565 3.68653 3.683471 3.680387 3.677279 3.674145 3.670988 3.667806 3.667806 3.664601 3.661373 3.65812 3.654845 3.651546 3.648225 3.644881 3.641515 3.638126 3.638126 3.634716 3.631284 3.627831 3.624357 3.620861 3.617346 3.61381 3.610254 3.606653 3.606653 3.603011 3.599345 3.595674 3.592012 3.588373 3.58477 3.581215 3.577717 3.574283 3.574283 3.570922 3.56764 3.56444 3.561327 3.558302 3.555367 3.552522 3.549766 3.547097 3.547097 3.544332 3.541275 3.537929 3.534293 3.530374 3.526174 3.521698 3.516955
3.70101 3.698051 3.695068 3.692059 3.692059 3.689025 3.685966 3.682883 3.679775 3.676642 3.673485 3.670304 3.667099 3.66387 3.66387 3.660618 3.657342 3.654043 3.650721 3.647377 3.64401 3.64062 3.637209 3.633776 3.633776 3.630321 3.626845 3.623348 3.61983 3.616293 3.612734 3.609156 3.605558 3.601923 3.601923 3.598243 3.594537 3.590823 3.587116 3.583431 3.579781 3.576178 3.57263 3.569148 3.569148 3.565737 3.562406 3.559158 3.555998 3.552927 3.549947 3.547058 3.54426 3.541535 3.541535 3.538614 3.535403 3.531903 3.528118 3.524052 3.519711 3.515101 3.51023
3.697633 3.694625 3.691592 3.688534 3.688534 3.685452 3.682345 3.679213 3.676057 3.672877 3.669673 3.666445 3.663193 3.659918 3.659918 3.656619 3.653298 3.649953 3.646586 3.643197 3.639786 3.636352 3.632897 3.62942 3.62942 3.625922 3.622404 3.618864 3.615304 3.611725 3.608125 3.604506 3.600868 3.597198 3.597198 3.593482 3.589738 3.585983 3.582233 3.578504 3.574808 3.571157 3.567563 3.564033 3.564033 3.560576 3.557197 3.553902 3.550696 3.54758 3.544557 3.541626 3.538788 3.535972 3.535972 3.532896 3.529531 3.525881 3.52195 3.517742 3.513265 3.508527 3.503535
3.69423 3.691175 3.688093 3.684988 3.684988 3.681858 3.678703 3.675524 3.672322 3.669095 3.665844 3.66257 3.659273 3.655953 3.655953 3.652609 3.649243 3.645855 3.642444 3.63901 3.635556 3.632079 3.628581 3.625062 3.625062 3.621523 3.617962 3.614381 3.610781 3.60716 3.60352 3.599861 3.596183 3.59248 3.59248 3.588731 3.58495 3.581155 3.577365 3.573593 3.569853 3.566158 3.562517 3.558942 3.558942 3.555438 3.552014 3.548675 3.545424 3.542265 3.5392 3.536229 3.533352 3.53041 3.53041 3.52718 3.523664 3.519867 3.515793 3.511448 3.506842 3.501982 3.496879
3.690806 3.687702 3.684574 3.681422 3.681422 3.678245 3.675044 3.671819 3.668571 3.665299 3.662003 3.658684 3.655342 3.651978 3.651978 3.648591 3.645181 3.641749 3.638295 3.63482 3.631323 3.627804 3.624265 3.620705 3.620705 3.617124 3.613523 3.609902 3.606262 3.602602 3.598923 3.595226 3.59151 3.587773 3.587773 3.583991 3.580175 3.576344 3.572513 3.568701 3.564919 3.56118 3.557496 3.553876 3.553876 3.550328 3.54686 3.543478 3.540184 3.536983 3.533878 3.530868 3.527946 3.524851 3.524851 3.521469 3.517806 3.513865 3.509653 3.505178 3.500449 3.495476 3.49027
3.687361 3.684211 3.681037 3.677838 3.677838 3.674616 3.67137 3.6681 3.664807 3.66149 3.658151 3.654788 3.651403 3.647995 3.647995 3.644565 3.641113 3.637639 3.634144 3.630626 3.627089 3.623529 3.61995 3.61635 3.61635 3.61273 3.609089 3.60543 3.601751 3.598053 3.594336 3.590601 3.586848 3.583077 3.583077 3.579265 3.575416 3.571549 3.567682 3.56383 3.560007 3.556227 3.552501 3.548838 3.548838 3.545248 3.541738 3.538313 3.534978 3.531738 3.528594 3.525547 3.522544 3.519297 3.519297 3.515766 3.511958 3.507878 3.503535 3.498936 3.494092 3.489014 3.483715
3.683899 3.680704 3.677484 3.674241 3.674241 3.670974 3.667683 3.66437 3.661033 3.657673 3.65429 3.650885 3.647457 3.644008 3.644008 3.640536 3.637043 3.633528 3.629992 3.626434 3.622856 3.619257 3.615639 3.612 3.612 3.608341 3.604663 3.600966 3.597249 3.593515 3.589761 3.58599 3.582201 3.578396 3.578396 3.574556 3.570676 3.566775 3.562872 3.558982 3.555121 3.551301 3.547534 3.543831 3.543831 3.5402 3.536648 3.533183 3.529809 3.52653 3.523349 3.520267 3.517148 3.513751 3.513751 3.510075 3.506127 3.501914 3.497444 3.492729 3.487779 3.482606 3.477225
3.680422 3.677182 3.673918 3.670631 3.670631 3.66732 3.663987 3.66063 3.65725 3.653848 3.650424 3.646977 3.643508 3.640017 3.640017 3.636505 3.632971 3.629416 3.625841 3.622244 3.618628 3.61499 3.611334 3.607657 3.607657 3.603961 3.600246 3.596512 3.59276 3.588989 3.585201 3.581395 3.577572 3.573732 3.573732 3.569864 3.565955 3.562022 3.558085 3.55416 3.550261 3.546403 3.542598 3.538855 3.538855 3.535184 3.531594 3.52809 3.524678 3.521363 3.518146 3.515025 3.51176 3.508216 3.508216 3.504399 3.500316 3.495975 3.491388 3.486564 3.481517 3.47626 3.470809
3.676932 3.673649 3.670341 3.667011 3.667011 3.663658 3.660282 3.656883 3.653462 3.650019 3.646554 3.643066 3.639557 3.636026 3.636026 3.632474 3.628902 3.625308 3.621694 3.618059 3.614405 3.610731 3.607037 3.603324 3.603324 3.599592 3.595841 3.592072 3.588284 3.58448 3.580657 3.576818 3.572961 3.569088 3.569088 3.565193 3.561256 3.557294 3.553324 3.549365 3.545431 3.541536 3.537693 3.533913 3.533913 3.530204 3.526577 3.523036 3.519587 3.516236 3.512985 3.509796 3.506383 3.502696 3.502696 3.498742 3.494529 3.490069 3.485371 3.480448 3.475315 3.469985 3.464476
3.673432 3.670106 3.666756 3.663384 3.663384 3.659989 3.656572 3.653132 3.64967 3.646187 3.642681 3.639154 3.635606 3.632037 3.632037 3.628446 3.624835 3.621204 3.617553 3.613881 3.61019 3.60648 3.60275 3.599002 3.599002 3.595235 3.591449 3.587646 3.583825 3.579987 3.576132 3.572259 3.568371 3.564466 3.564466 3.560544 3.556581 3.552591 3.54859 3.544599 3.540631 3.536701 3.532822 3.529006 3.529006 3.525261 3.521597 3.518021 3.514537 3.511153 3.507869 3.504576 3.501019 3.497193 3.497193 3.493108 3.488774 3.4842 3.479401 3.474389 3.46918 3.46379 3.458236
3.673432 3.670106 3.666756 3.663384 3.663384 3.659989 3.656572 3.653132 3.64967 3.646187 3.642681 3.639154 3.635606 3.632037 3.632037 3.628446 3.624835 3.621204 3.617553 3.613881 3.61019 3.60648 3.60275 3.599002 3.599002 3.595235 3.591449 3.587646 3.583825 3.579987 3.576132 3.572259 3.568371 3.564466 3.564466 3.560544 3.556581 3.552591 3.54859 3.544599 3.540631 3.536701 3.532822 3.529006 3.529006 3.525261 3.521597 3.518021 3.514537 3.511153 3.507869 3.504576 3.501019 3.497193 3.497193 3.493108 3.488774 3.4842 3.479401 3.474389 3.46918 3.46379 3.458236
3.669924 3.666555 3.663165 3.659751 3.659751 3.656316 3.652858 3.649378 3.645877 3.642354 3.63881 3.635244 3.631658 3.628051 3.628051 3.624423 3.620775 3.617107 3.613419 3.609712 3.605985 3.60224 3.598475 3.594693 3.594693 3.590892 3.587073 3.583237 3.579384 3.575513 3.571626 3.567723 3.563803 3.559869 3.559869 3.555918 3.551931 3.547914 3.543885 3.539863 3.535862 3.531899 3.527987 3.524135 3.524135 3.520356 3.516657 3.513047 3.50953 3.506113 3.502797 3.499368 3.495671 3.491712 3.491712 3.487502 3.483052 3.478375 3.473485 3.468395 3.463122 3.457685 3.452102
3.666408 3.662999 3.659568 3.656115 3.656115 3.652639 3.649143 3.645624 3.642084 3.638523 3.63494 3.631337 3.627713 3.62407 3.62407 3.620405 3.616722 3.613018 3.609295 3.605553 3.601792 3.598012 3.594215 3.590399 3.590399 3.586565 3.582714 3.578846 3.574961 3.57106 3.567142 3.563209 3.55926 3.555296 3.555296 3.551317 3.547308 3.543266 3.53921 3.535158 3.531127 3.527133 3.523187 3.519303 3.519303 3.515491 3.511759 3.508115 3.504567 3.501118 3.497746 3.494175 3.490342 3.486256 3.486256 3.481929 3.477373 3.472601 3.467629 3.462473 3.45715 3.451681 3.446084
3.662888 3.659439 3.655969 3.652476 3.652476 3.648962 3.645427 3.64187 3.638292 3.634694 3.631074 3.627435 3.623775 3.620095 3.620095 3.616396 3.612677 3.608939 3.605182 3.601406 3.597612 3.593799 3.589969 3.586121 3.586121 3.582256 3.578374 3.574475 3.57056 3.566628 3.562681 3.558719 3.554742 3.550749 3.550749 3.546743 3.542713 3.538647 3.534565 3.530487 3.526427 3.522402 3.518425 3.514509 3.514509 3.510665 3.506902 3.503227 3.499648 3.49617 3.492707 3.488998 3.485036 3.48083 3.48083 3.476393 3.47174 3.466884 3.461843 3.456633 3.451274 3.445787 3.440193
