testfiles/govdocs/026/026739.txt
ncols         526
nrows         829
xllcorner     1332799.6993106
yllcorner     1675809.0137207
cellsize      900
NODATA_value  -9999
[rows 700 to 727 of 829, columns 441 to 503 of 526]
2.495487 2.494756 2.494013 2.493258 2.493258 2.49249 2.491708 2.490911 2.490099 2.489269 2.488422 2.487557 2.486672 2.485767 2.485767 2.484841 2.483893 2.482922 2.481927 2.480908 2.479863 2.478793 2.477695 2.47657 2.47657 2.475417 2.474234 2.473022 2.471779 2.470505 2.469198 2.467859 2.466486 2.46508 2.46508 2.463639 2.462162 2.46065 2.459101 2.457515 2.455894 2.454255 2.452608 2.450953 2.450953 2.449288 2.447617 2.445937 2.44425 2.442557 2.440856 2.43915 2.437438 2.435721 2.435721 2.434 2.432273 2.430542 2.428809 2.427071 2.425331 2.423589 2.421844
2.493906 2.493177 2.492437 2.491684 2.491684 2.490917 2.490137 2.489341 2.488528 2.487699 2.486851 2.485985 2.485098 2.484191 2.484191 2.483263 2.482311 2.481337 2.480338 2.479315 2.478265 2.477189 2.476086 2.474954 2.474954 2.473794 2.472603 2.471382 2.47013 2.468846 2.46753 2.46618 2.464796 2.463377 2.463377 2.461923 2.460433 2.458907 2.457343 2.455742 2.454113 2.452475 2.450829 2.449174 2.449174 2.447511 2.44584 2.444162 2.442476 2.440784 2.439086 2.437382 2.435673 2.433958 2.433958 2.432239 2.430516 2.428788 2.427058 2.425324 2.423588 2.421849 2.420109
2.49233 2.491603 2.490864 2.490113 2.490113 2.489348 2.488567 2.487772 2.486959 2.486129 2.485281 2.484413 2.483525 2.482615 2.482615 2.481684 2.480729 2.479751 2.478748 2.47772 2.476665 2.475583 2.474473 2.473334 2.473334 2.472166 2.470967 2.469738 2.468476 2.467182 2.465854 2.464493 2.463097 2.461666 2.461666 2.460198 2.458694 2.457153 2.455574 2.453959 2.45233 2.450693 2.449047 2.447393 2.447393 2.445731 2.444061 2.442384 2.440701 2.439011 2.437315 2.435613 2.433906 2.432194 2.432194 2.430477 2.428757 2.427033 2.425306 2.423576 2.421843 2.420109 2.418373
2.490757 2.490032 2.489295 2.488545 2.488545 2.48778 2.487 2.486205 2.485392 2.484561 2.483711 2.482842 2.481951 2.481039 2.481039 2.480104 2.479146 2.478163 2.477156 2.476122 2.475061 2.473973 2.472856 2.471709 2.471709 2.470533 2.469326 2.468086 2.466815 2.46551 2.464171 2.462798 2.461389 2.459945 2.459945 2.458463 2.456944 2.455388 2.453792 2.452173 2.450545 2.448908 2.447263 2.44561 2.44561 2.443949 2.442281 2.440605 2.438923 2.437235 2.435541 2.433842 2.432137 2.430428 2.430428 2.428715 2.426997 2.425277 2.423553 2.421827 2.420098 2.418368 2.416637
2.490757 2.490032 2.489295 2.488545 2.488545 2.48778 2.487 2.486205 2.485392 2.484561 2.483711 2.482842 2.481951 2.481039 2.481039 2.480104 2.479146 2.478163 2.477156 2.476122 2.475061 2.473973 2.472856 2.471709 2.471709 2.470533 2.469326 2.468086 2.466815 2.46551 2.464171 2.462798 2.461389 2.459945 2.459945 2.458463 2.456944 2.455388 2.453792 2.452173 2.450545 2.448908 2.447263 2.44561 2.44561 2.443949 2.442281 2.440605 2.438923 2.437235 2.435541 2.433842 2.432137 2.430428 2.430428 2.428715 2.426997 2.425277 2.423553 2.421827 2.420098 2.418368 2.416637
2.489187 2.488464 2.487728 2.486979 2.486979 2.486215 2.485435 2.484639 2.483826 2.482994 2.482142 2.48127 2.480377 2.479462 2.479462 2.478524 2.477561 2.476574 2.475561 2.474521 2.473454 2.472359 2.471235 2.47008 2.47008 2.468895 2.467678 2.466429 2.465147 2.463831 2.46248 2.461095 2.459673 2.458214 2.458214 2.456718 2.455184 2.453611 2.452004 2.450385 2.448757 2.447121 2.445477 2.443825 2.443825 2.442165 2.440498 2.438824 2.437144 2.435458 2.433766 2.432069 2.430367 2.428661 2.428661 2.42695 2.425236 2.423519 2.421799 2.420077 2.418353 2.416627 2.4149
2.487621 2.486899 2.486164 2.485416 2.485416 2.484652 2.483872 2.483075 2.48226 2.481427 2.480573 2.479699 2.478803 2.477884 2.477884 2.476942 2.475975 2.474982 2.473963 2.472918 2.471844 2.470741 2.469609 2.468446 2.468446 2.467251 2.466025 2.464765 2.463472 2.462144 2.460781 2.459382 2.457946 2.456473 2.456473 2.454962 2.453412 2.451822 2.450213 2.448595 2.446967 2.445332 2.443688 2.442037 2.442037 2.440379 2.438713 2.437042 2.435363 2.433679 2.43199 2.430295 2.428596 2.426893 2.426893 2.425185 2.423475 2.421761 2.420045 2.418327 2.416607 2.414886 2.413163
2.486057 2.485337 2.484602 2.483854 2.483854 2.48309 2.48231 2.481512 2.480696 2.47986 2.479004 2.478127 2.477227 2.476304 2.476304 2.475358 2.474385 2.473387 2.472363 2.47131 2.470229 2.469118 2.467977 2.466805 2.466805 2.465601 2.464364 2.463094 2.461789 2.460449 2.459072 2.45766 2.456209 2.454721 2.454721 2.453194 2.451627 2.450028 2.448419 2.446801 2.445175 2.44354 2.441898 2.440248 2.440248 2.438591 2.436927 2.435257 2.433581 2.431899 2.430212 2.42852 2.426824 2.425123 2.425123 2.423419 2.421712 2.420002 2.41829 2.416576 2.41486 2.413143 2.411426
2.484496 2.483776 2.483043 2.482294 2.482294 2.48153 2.480748 2.479949 2.479131 2.478293 2.477434 2.476554 2.47565 2.474723 2.474723 2.473771 2.472794 2.47179 2.470758 2.469699 2.46861 2.467491 2.466341 2.465159 2.465159 2.463945 2.462697 2.461415 2.460097 2.458744 2.457355 2.455928 2.454462 2.452958 2.452958 2.451415 2.449832 2.448232 2.446623 2.445006 2.44338 2.441747 2.440105 2.438457 2.438457 2.436801 2.435139 2.433471 2.431797 2.430117 2.428433 2.426744 2.42505 2.423353 2.423353 2.421653 2.419949 2.418243 2.416534 2.414824 2.413113 2.411401 2.409689
2.482938 2.482218 2.481485 2.480736 2.480736 2.47997 2.479188 2.478387 2.477566 2.476726 2.475864 2.474979 2.474072 2.47314 2.47314 2.472182 2.471199 2.470188 2.46915 2.468083 2.466985 2.465858 2.464698 2.463506 2.463506 2.462281 2.461022 2.459728 2.458397 2.457031 2.455627 2.454185 2.452704 2.451184 2.451184 2.449622 2.448033 2.446433 2.444825 2.443208 2.441583 2.439951 2.438311 2.436664 2.436664 2.43501 2.433349 2.431683 2.430011 2.428334 2.426652 2.424966 2.423276 2.421582 2.421582 2.419885 2.418185 2.416482 2.414778 2.413073 2.411366 2.409658 2.407951
2.481381 2.480661 2.479928 2.479178 2.479178 2.478412 2.477627 2.476824 2.476001 2.475157 2.474292 2.473403 2.472491 2.471554 2.471554 2.470591 2.469601 2.468583 2.467537 2.466462 2.465356 2.464219 2.463049 2.461847 2.461847 2.46061 2.459339 2.458032 2.456688 2.455308 2.453889 2.452431 2.450934 2.449397 2.449397 2.447821 2.446231 2.444632 2.443024 2.441408 2.439784 2.438153 2.436514 2.434869 2.434869 2.433216 2.431558 2.429894 2.428224 2.42655 2.424871 2.423187 2.4215 2.41981 2.41981 2.418116 2.41642 2.414721 2.413022 2.41132 2.409618 2.407916 2.406213
2.479826 2.479106 2.478372 2.477621 2.477621 2.476853 2.476067 2.475261 2.474435 2.473588 2.472718 2.471825 2.470908 2.469965 2.469965 2.468995 2.467999 2.466974 2.46592 2.464836 2.463721 2.462574 2.461394 2.46018 2.46018 2.458931 2.457648 2.456327 2.45497 2.453574 2.45214 2.450666 2.449152 2.447597 2.447597 2.446016 2.444427 2.442828 2.441221 2.439606 2.437983 2.436353 2.434716 2.433072 2.433072 2.431422 2.429765 2.428103 2.426436 2.424764 2.423088 2.421407 2.419724 2.418036 2.418036 2.416347 2.414654 2.41296 2.411264 2.409568 2.407871 2.406173 2.404476
2.478272 2.477552 2.476817 2.476064 2.476064 2.475295 2.474506 2.473698 2.472868 2.472017 2.471143 2.470245 2.469322 2.468373 2.468373 2.467396 2.466393 2.46536 2.464298 2.463204 2.462079 2.460922 2.459731 2.458505 2.458505 2.457244 2.455947 2.454613 2.453241 2.451831 2.45038 2.44889 2.447358 2.44579 2.44579 2.444209 2.44262 2.441022 2.439416 2.437802 2.43618 2.434551 2.432916 2.431273 2.431273 2.429625 2.427971 2.426311 2.424647 2.422977 2.421304 2.419627 2.417946 2.416263 2.416263 2.414577 2.412888 2.411198 2.409507 2.407815 2.406122 2.40443 2.402738
2.476719 2.475999 2.475262 2.474508 2.474508 2.473736 2.472945 2.472133 2.4713 2.470444 2.469565 2.468662 2.467732 2.466777 2.466777 2.465794 2.464782 2.463741 2.46267 2.461567 2.460432 2.459263 2.45806 2.456822 2.456822 2.455549 2.454238 2.452889 2.451502 2.450076 2.448609 2.447101 2.445551 2.44398 2.44398 2.4424 2.440811 2.439214 2.437608 2.435996 2.434375 2.432748 2.431113 2.429473 2.429473 2.427827 2.426175 2.424518 2.422856 2.421189 2.419519 2.417845 2.416168 2.414488 2.414488 2.412806 2.411122 2.409436 2.407749 2.406062 2.404374 2.402687 2.401
2.476719 2.475999 2.475262 2.474508 2.474508 2.473736 2.472945 2.472133 2.4713 2.470444 2.469565 2.468662 2.467732 2.466777 2.466777 2.465794 2.464782 2.463741 2.46267 2.461567 2.460432 2.459263 2.45806 2.456822 2.456822 2.455549 2.454238 2.452889 2.451502 2.450076 2.448609 2.447101 2.445551 2.44398 2.44398 2.4424 2.440811 2.439214 2.437608 2.435996 2.434375 2.432748 2.431113 2.429473 2.429473 2.427827 2.426175 2.424518 2.422856 2.421189 2.419519 2.417845 2.416168 2.414488 2.414488 2.412806 2.411122 2.409436 2.407749 2.406062 2.404374 2.402687 2.401
2.475168 2.474446 2.473707 2.472951 2.472951 2.472177 2.471382 2.470567 2.469729 2.468869 2.467985 2.467075 2.46614 2.465177 2.465177 2.464186 2.463167 2.462117 2.461036 2.459923 2.458777 2.457597 2.456382 2.455131 2.455131 2.453844 2.452519 2.451155 2.449752 2.448309 2.446825 2.445299 2.443739 2.442168 2.442168 2.440588 2.439 2.437403 2.435799 2.434187 2.432568 2.430942 2.42931 2.427671 2.427671 2.426027 2.424378 2.422723 2.421064 2.4194 2.417733 2.416063 2.414389 2.412713 2.412713 2.411035 2.409355 2.407673 2.405991 2.404309 2.402626 2.400944 2.399263
2.473616 2.472893 2.472152 2.471394 2.471394 2.470616 2.469818 2.468999 2.468157 2.467291 2.466401 2.465486 2.464543 2.463573 2.463573 2.462574 2.461546 2.460487 2.459396 2.458272 2.457115 2.455922 2.454695 2.453431 2.453431 2.452129 2.450789 2.44941 2.447991 2.446531 2.445029 2.443485 2.441924 2.440353 2.440353 2.438774 2.437186 2.435591 2.433988 2.432377 2.430759 2.429135 2.427505 2.425868 2.425868 2.424226 2.422579 2.420927 2.419271 2.41761 2.415946 2.414279 2.412609 2.410937 2.410937 2.409263 2.407587 2.40591 2.404233 2.402555 2.400878 2.399201 2.397526
2.472065 2.47134 2.470597 2.469836 2.469836 2.469055 2.468253 2.467429 2.466582 2.465711 2.464815 2.463892 2.462943 2.461965 2.461965 2.460957 2.459919 2.45885 2.457749 2.456614 2.455445 2.45424 2.452999 2.451721 2.451721 2.450405 2.449049 2.447654 2.446218 2.44474 2.443219 2.441668 2.440106 2.438536 2.438536 2.436957 2.435371 2.433776 2.432174 2.430565 2.428949 2.427326 2.425698 2.424064 2.424064 2.422424 2.420779 2.41913 2.417477 2.415819 2.414159 2.412495 2.410829 2.409161 2.409161 2.407491 2.405819 2.404147 2.402475 2.400802 2.39913 2.397459 2.395789
2.470514 2.469787 2.469041 2.468276 2.468276 2.467491 2.466685 2.465856 2.465004 2.464127 2.463224 2.462295 2.461337 2.460351 2.460351 2.459334 2.458287 2.457207 2.456095 2.454948 2.453767 2.452549 2.451294 2.450001 2.450001 2.44867 2.447299 2.445886 2.444432 2.442936 2.441399 2.439847 2.438286 2.436717 2.436717 2.435139 2.433553 2.43196 2.430359 2.428751 2.427137 2.425516 2.42389 2.422257 2.422257 2.42062 2.418978 2.417332 2.415681 2.414027 2.41237 2.41071 2.409048 2.407384 2.407384 2.405718 2.404051 2.402384 2.400716 2.399049 2.397382 2.395716 2.394052
2.468962 2.468232 2.467484 2.466715 2.466715 2.465926 2.465115 2.464281 2.463423 2.462539 2.46163 2.460692 2.459727 2.458731 2.458731 2.457705 2.456648 2.455558 2.454433 2.453275 2.45208 2.450849 2.44958 2.448272 2.448272 2.446924 2.445536 2.444107 2.442634 2.441119 2.439576 2.438025 2.436464 2.434895 2.434895 2.433318 2.431733 2.430141 2.428542 2.426936 2.425323 2.423704 2.42208 2.42045 2.42045 2.418815 2.417176 2.415533 2.413885 2.412235 2.410581 2.408925 2.407267 2.405607 2.405607 2.403945 2.402283 2.40062 2.398958 2.397295 2.395634 2.393974 2.392316
2.46741 2.466677 2.465925 2.465153 2.465153 2.464359 2.463543 2.462703 2.461838 2.460948 2.460031 2.459085 2.458111 2.457106 2.457106 2.45607 2.455002 2.4539 2.452764 2.451592 2.450385 2.449139 2.447855 2.446531 2.446531 2.445167 2.443762 2.442314 2.440823 2.439293 2.437751 2.436199 2.43464 2.433072 2.433072 2.431495 2.429912 2.428321 2.426723 2.425118 2.423508 2.421891 2.420269 2.418642 2.418642 2.417009 2.415373 2.413733 2.412088 2.410441 2.408791 2.407139 2.405485 2.403829 2.403829 2.402172 2.400514 2.398857 2.397199 2.395542 2.393886 2.392232 2.39058
2.465856 2.46512 2.464364 2.463587 2.463587 2.462789 2.461967 2.461121 2.46025 2.459352 2.458427 2.457473 2.45649 2.455475 2.455475 2.454429 2.453349 2.452235 2.451087 2.449902 2.448679 2.447419 2.44612 2.44478 2.44478 2.443398 2.441975 2.440509 2.438998 2.437465 2.435923 2.434372 2.432813 2.431246 2.431246 2.429671 2.428088 2.426499 2.424902 2.4233 2.421691 2.420076 2.418456 2.416832 2.416832 2.415202 2.413569 2.411931 2.410291 2.408647 2.407001 2.405352 2.403702 2.402051 2.402051 2.400398 2.398746 2.397093 2.395441 2.393789 2.392139 2.390491 2.388845
2.464301 2.463561 2.462801 2.46202 2.46202 2.461216 2.460388 2.459536 2.458657 2.457752 2.456818 2.455855 2.454862 2.453837 2.453837 2.45278 2.451688 2.450562 2.4494 2.448201 2.446965 2.445689 2.444373 2.443016 2.443016 2.441617 2.440176 2.43869 2.437168 2.435635 2.434093 2.432543 2.430984 2.429418 2.429418 2.427844 2.426263 2.424675 2.42308 2.421479 2.419872 2.41826 2.416643 2.415021 2.415021 2.413394 2.411763 2.41013 2.408492 2.406852 2.40521 2.403565 2.40192 2.400273 2.400273 2.398625 2.396977 2.395329 2.393682 2.392036 2.390392 2.38875 2.38711
2.462745 2.462001 2.461236 2.460449 2.460449 2.459639 2.458805 2.457946 2.45706 2.456146 2.455204 2.454232 2.453228 2.452192 2.452192 2.451123 2.45002 2.448881 2.447705 2.446492 2.44524 2.443948 2.442615 2.441241 2.441241 2.439824 2.438363 2.436858 2.435334 2.433802 2.432261 2.430711 2.429154 2.427588 2.427588 2.426016 2.424436 2.422849 2.421256 2.419657 2.418053 2.416443 2.414828 2.413208 2.413208 2.411585 2.409957 2.408327 2.406693 2.405057 2.403418 2.401778 2.400136 2.398494 2.398494 2.396851 2.395208 2.393566 2.391924 2.390284 2.388646 2.387009 2.385375
2.462745 2.462001 2.461236 2.460449 2.460449 2.459639 2.458805 2.457946 2.45706 2.456146 2.455204 2.454232 2.453228 2.452192 2.452192 2.451123 2.45002 2.448881 2.447705 2.446492 2.44524 2.443948 2.442615 2.441241 2.441241 2.439824 2.438363 2.436858 2.435334 2.433802 2.432261 2.430711 2.429154 2.427588 2.427588 2.426016 2.424436 2.422849 2.421256 2.419657 2.418053 2.416443 2.414828 2.413208 2.413208 2.411585 2.409957 2.408327 2.406693 2.405057 2.403418 2.401778 2.400136 2.398494 2.398494 2.396851 2.395208 2.393566 2.391924 2.390284 2.388646 2.387009 2.385375
2.461186 2.460438 2.459668 2.458875 2.458875 2.45806 2.457219 2.456352 2.455458 2.454536 2.453584 2.452601 2.451587 2.45054 2.45054 2.449459 2.448343 2.44719 2.446 2.444772 2.443504 2.442196 2.440846 2.439453 2.439453 2.438017 2.436536 2.435022 2.433499 2.431967 2.430426 2.428877 2.427321 2.425756 2.425756 2.424185 2.422607 2.421022 2.419431 2.417834 2.416232 2.414624 2.413012 2.411395 2.411395 2.409775 2.408151 2.406523 2.404893 2.403261 2.401626 2.39999 2.398353 2.396715 2.396715 2.395078 2.39344 2.391803 2.390167 2.388532 2.386899 2.385269 2.383642
2.459625 2.458872 2.458097 2.457298 2.457298 2.456475 2.455627 2.454753 2.453851 2.452919 2.451957 2.450964 2.449939 2.44888 2.44888 2.447786 2.446657 2.44549 2.444285 2.443042 2.441757 2.440432 2.439064 2.437653 2.437653 2.436197 2.434698 2.433184 2.431661 2.43013 2.42859 2.427042 2.425486 2.423923 2.423923 2.422353 2.420776 2.419194 2.417604 2.416009 2.414409 2.412804 2.411195 2.409581 2.409581 2.407964 2.406343 2.404719 2.403093 2.401464 2.399834 2.398202 2.39657 2.394937 2.394937 2.393304 2.391671 2.39004 2.388409 2.38678 2.385154 2.38353 2.381909
2.458062 2.457303 2.456522 2.455717 2.455717 2.454887 2.454032 2.453149 2.452237 2.451296 2.450324 2.44932 2.448283 2.447212 2.447212 2.446105 2.444962 2.44378 2.44256 2.4413 2.439999 2.438656 2.437269 2.435838 2.435838 2.434362 2.432858 2.431344 2.429821 2.42829 2.426751 2.425204 2.42365 2.422088 2.422088 2.420519 2.418944 2.417363 2.415776 2.414184 2.412586 2.410984 2.409377 2.407766 2.407766 2.406152 2.404535 2.402915 2.401292 2.399668 2.398041 2.396414 2.394786 2.393158 2.393158 2.39153 2.389903 2.388277 2.386652 2.385029 2.383409 2.381791 2.380177
