testfiles/govdocs/026/026749.txt
* Sea-Bird SBE 9 Data File:
* FileName = C:\CTDDATA\KA70211.dat
* Software Version Seasave Win32 V 5.30b
* Temperature SN = 2126
* Conductivity SN = 0524
* Number of Bytes Per Scan = 30
* Number of Voltage Words = 4
* Number of Scans Averaged by the Deck Unit = 1
** Nominal Latitude: 6S
** Nominal Longitude: 180W
# nquan = 14                                
# nvalues = 2002                        
# units = specified
# name 0 = scan: Scan Count
# name 1 = timeS: Time, Elapsed [seconds]
# name 2 = prDM: Pressure, Digiquartz [db]
# name 3 = t068C: Temperature [ITS-68, deg C]
# name 4 = t168C: Temperature, 2 [ITS-68, deg C]
# name 5 = c0mS/cm: Conductivity [mS/cm]
# name 6 = c1mS/cm: Conductivity, 2 [mS/cm]
# name 7 = v0: Voltage 0
# name 8 = v1: Voltage 1
# name 9 = v2: Voltage 2
# name 10 = nbin: number of scans per bin
# name 11 = sal00: Salinity [PSU]
# name 12 = sal11: Salinity, 2 [PSU]
# name 13 = flag: flag
# span 0 =         75,      72600       
# span 1 =      3.098,   3024.964       
# span 2 =      1.000,   1002.000       
# span 3 =     4.4421,    30.3785       
# span 4 =     4.4499,    30.3811       
# span 5 =  32.998302,  59.224602       
# span 6 =  33.002689,  59.200397       
# span 7 =     0.0888,     0.1654       
# span 8 =     0.0903,     0.2363       
# span 9 =     2.5714,     3.9126       
# span 10 =         12,         64      
# span 11 =    34.5147,    36.1495      
# span 12 =    34.5114,    36.1414      
# span 13 = 0.0000e+00, 0.0000e+00      
# interval = decibars: 1                
# start_time = Nov 16 2006 23:52:40
# bad_flag = -9.990e-29
*END*
[from data line 620]
      18599    774.908    622.000     6.6867     6.6888  34.854473  34.854195     0.1042     0.1038     3.6199         19    34.5366    34.5342 0.0000e+00
      18618    775.727    623.000     6.6727     6.6750  34.841721  34.841621     0.1042     0.1033     3.6196         21    34.5360    34.5336 0.0000e+00
      18643    776.750    624.000     6.6636     6.6654  34.834045  34.833725     0.1051     0.1031     3.6191         28    34.5361    34.5341 0.0000e+00
      18673    777.980    625.000     6.6612     6.6628  34.832527  34.832081     0.1035     0.1029     3.6176         31    34.5365    34.5343 0.0000e+00
      18706    779.354    626.000     6.6609     6.6625  34.832905  34.832439     0.1054     0.1045     3.6161         36    34.5366    34.5345 0.0000e+00
      18748    781.109    627.000     6.6603     6.6620  34.832954  34.832481     0.1041     0.1038     3.6152         45    34.5368    34.5346 0.0000e+00
      18784    782.623    628.000     6.6561     6.6580  34.829540  34.829121     0.1030     0.1023     3.6151         25    34.5368    34.5344 0.0000e+00
      18803    783.432    629.000     6.6473     6.6492  34.821671  34.821434     0.1034     0.1020     3.6150         17    34.5364    34.5343 0.0000e+00
      18818    784.051    630.000     6.6426     6.6444  34.817806  34.817440     0.1039     0.1026     3.6141         14    34.5364    34.5342 0.0000e+00
      18832    784.636    631.000     6.6380     6.6398  34.814114  34.813591     0.1040     0.1038     3.6132         14    34.5364    34.5341 0.0000e+00
      18848    785.290    632.000     6.6360     6.6375  34.812668  34.812241     0.1035     0.1031     3.6130         18    34.5364    34.5344 0.0000e+00
      18880    786.624    633.000     6.6362     6.6376  34.813278  34.812809     0.1040     0.1037     3.6122         37    34.5364    34.5345 0.0000e+00
      18931    788.768    634.000     6.6335     6.6347  34.811180  34.810345     0.1029     0.1048     3.6104         29    34.5363    34.5342 0.0000e+00
      18953    789.659    635.000     6.6257     6.6276  34.804104  34.803833     0.1029     0.1036     3.6105         21    34.5359    34.5336 0.0000e+00
      18975    790.565    636.000     6.6168     6.6186  34.795963  34.795582     0.1017     0.1024     3.6101         23    34.5353    34.5330 0.0000e+00
      19004    791.792    637.000     6.6073     6.6092  34.787323  34.786942     0.1018     0.1025     3.6099         36    34.5348    34.5325 0.0000e+00
      19037    793.182    638.000     6.6006     6.6023  34.781666  34.781277     0.1058     0.1028     3.6088         28    34.5348    34.5326 0.0000e+00
      19061    794.183    639.000     6.5929     6.5949  34.774593  34.774326     0.1045     0.1038     3.6077         21    34.5342    34.5319 0.0000e+00
      19082    795.023    640.000     6.5752     6.5775  34.758305  34.758152     0.1045     0.1049     3.6065         20    34.5335    34.5311 0.0000e+00
      19101    795.841    641.000     6.5638     6.5658  34.748310  34.748009     0.1040     0.1040     3.6059         20    34.5334    34.5311 0.0000e+00
      19124    796.787    642.000     6.5539     6.5559  34.739346  34.739132     0.1037     0.1047     3.6056         27    34.5329    34.5307 0.0000e+00
      19158    798.217    643.000     6.5347     6.5372  34.721333  34.721600     0.1031     0.1032     3.6054         40    34.5318    34.5296 0.0000e+00
      19196    799.784    644.000     6.5195     6.5214  34.707859  34.707653     0.1019     0.1037     3.6049         32    34.5317    34.5295 0.0000e+00
      19223    800.930    645.000     6.5082     6.5104  34.697067  34.697041     0.1043     0.1026     3.6038         25    34.5306    34.5283 0.0000e+00
      19247    801.919    646.000     6.4931     6.4949  34.683914  34.683418     0.1052     0.1030     3.6030         23    34.5307    34.5283 0.0000e+00
      19269    802.833    647.000     6.4875     6.4892  34.679146  34.678856     0.1047     0.1046     3.6015         22    34.5306    34.5285 0.0000e+00
      19292    803.779    648.000     6.4815     6.4836  34.673759  34.673584     0.1034     0.1028     3.6008         23    34.5301    34.5279 0.0000e+00
      19315    804.765    649.000     6.4621     6.4644  34.655739  34.655636     0.1042     0.1035     3.6007         24    34.5292    34.5268 0.0000e+00
      19340    805.792    650.000     6.4373     6.4398  34.632484  34.632454     0.1042     0.1034     3.6007         26    34.5278    34.5253 0.0000e+00
      19369    806.991    651.000     6.4257     6.4275  34.622719  34.622303     0.1042     0.1050     3.6003         32    34.5282    34.5259 0.0000e+00
      19401    808.330    652.000     6.4176     6.4196  34.615372  34.615204     0.1017     0.1039     3.6001         29    34.5277    34.5255 0.0000e+00
      19429    809.494    653.000     6.4031     6.4053  34.602142  34.602142     0.1036     0.1038     3.5993         29    34.5271    34.5249 0.0000e+00
      19457    810.673    654.000     6.3925     6.3945  34.593204  34.592953     0.1036     0.1044     3.5987         27    34.5274    34.5251 0.0000e+00
      19483    811.730    655.000     6.3893     6.3909  34.590893  34.590618     0.1017     0.1042     3.5983         24    34.5276    34.5256 0.0000e+00
      19505    812.669    656.000     6.3865     6.3883  34.588997  34.588665     0.1029     0.1038     3.5979         22    34.5277    34.5256 0.0000e+00
      19530    813.726    657.000     6.3826     6.3845  34.585747  34.585648     0.1019     0.1038     3.5973         31    34.5276    34.5256 0.0000e+00
      19567    815.266    658.000     6.3794     6.3815  34.583271  34.583431     0.1031     0.1029     3.5963         35    34.5276    34.5256 0.0000e+00
      19594    816.368    659.000     6.3743     6.3775  34.579113  34.579903     0.1029     0.1032     3.5963         21    34.5276    34.5252 0.0000e+00
      19612    817.124    660.000     6.3648     6.3669  34.570721  34.570377     0.1067     0.1029     3.5958         17    34.5273    34.5248 0.0000e+00
      19631    817.908    661.000     6.3567     6.3585  34.563965  34.563763     0.1058     0.1038     3.5958         21    34.5275    34.5255 0.0000e+00
      19659    819.071    662.000     6.3536     6.3548  34.561440  34.560753     0.1035     0.1038     3.5958         37    34.5273    34.5253 0.0000e+00
      19696    820.613    663.000     6.3486     6.3507  34.557072  34.557125     0.1022     0.1027     3.5958         32    34.5270    34.5249 0.0000e+00
      19723    821.760    664.000     6.3347     6.3371  34.544090  34.544186     0.1013     0.1026     3.5958         24    34.5261    34.5238 0.0000e+00
      19746    822.712    665.000     6.3216     6.3238  34.532619  34.532490     0.1044     0.1023     3.5958         22    34.5261    34.5237 0.0000e+00
      19769    823.653    666.000     6.3126     6.3143  34.524574  34.524105     0.1036     0.1021     3.5958         25    34.5257    34.5234 0.0000e+00
      19799    824.901    667.000     6.3035     6.3048  34.516792  34.516098     0.1034     0.1037     3.5958         36    34.5257    34.5236 0.0000e+00
      19836    826.442    668.000     6.2979     6.2984  34.512581  34.510941     0.1021     0.1026     3.5957         34    34.5261    34.5239 0.0000e+00
      19864    827.624    669.000     6.2904     6.2933  34.506313  34.507187     0.1013     0.1020     3.5954         24    34.5263    34.5244 0.0000e+00
      19885    828.497    670.000     6.2837     6.2862  34.500782  34.500916     0.1013     0.1023     3.5957         19    34.5263    34.5240 0.0000e+00
      19905    829.322    671.000     6.2805     6.2825  34.498577  34.498516     0.1032     0.1030     3.5953         21    34.5267    34.5246 0.0000e+00
      19928    830.293    672.000     6.2783     6.2803  34.496952  34.496933     0.1008     0.1023     3.5953         26    34.5266    34.5246 0.0000e+00
      19956    831.438    673.000     6.2777     6.2792  34.497040  34.496513     0.1011     0.1038     3.5955         28    34.5268    34.5247 0.0000e+00
      19984    832.624    674.000     6.2739     6.2760  34.493862  34.493877     0.1013     0.1038     3.5953         29    34.5266    34.5245 0.0000e+00
      20015    833.906    675.000     6.2715     6.2732  34.492237  34.491844     0.1013     0.1026     3.5953         34    34.5267    34.5246 0.0000e+00
      20049    835.332    676.000     6.2681     6.2698  34.489544  34.489223     0.1013     0.1026     3.5952         32    34.5267    34.5246 0.0000e+00
      20077    836.514    677.000     6.2607     6.2626  34.483345  34.482925     0.1088     0.1047     3.5952         25    34.5267    34.5244 0.0000e+00
      20100    837.472    678.000     6.2567     6.2584  34.480145  34.479717     0.1042     0.1038     3.5947         21    34.5267    34.5245 0.0000e+00
      20121    838.353    679.000     6.2533     6.2554  34.477348  34.477402     0.1031     0.1027     3.5944         22    34.5266    34.5245 0.0000e+00
      20144    839.299    680.000     6.2515     6.2530  34.476395  34.475872     0.1011     0.1047     3.5943         24    34.5268    34.5247 0.0000e+00
      20172    840.455    681.000     6.2455     6.2480  34.470898  34.471245     0.1027     0.1030     3.5936         31    34.5263    34.5242 0.0000e+00
      20203    841.733    682.000     6.2390     6.2409  34.465351  34.464993     0.1018     0.1032     3.5930         29    34.5261    34.5239 0.0000e+00
      20230    842.885    683.000     6.2316     6.2334  34.458714  34.458241     0.1031     0.1026     3.5923         27    34.5257    34.5234 0.0000e+00
      20256    843.966    684.000     6.2244     6.2262  34.452530  34.452290     0.1018     0.1026     3.5912         26    34.5256    34.5235 0.0000e+00
      20283    845.096    685.000     6.2210     6.2227  34.449841  34.449551     0.1032     0.1037     3.5910         28    34.5256    34.5236 0.0000e+00
      20311    846.250    686.000     6.2197     6.2213  34.449219  34.448872     0.1021     0.1038     3.5910         27    34.5257    34.5236 0.0000e+00
      20338    847.389    687.000     6.2192     6.2208  34.449162  34.448799     0.1012     0.1038     3.5909         29    34.5257    34.5236 0.0000e+00
      20371    848.755    688.000     6.2189     6.2204  34.449459  34.448799     0.1055     0.1028     3.5905         34    34.5258    34.5236 0.0000e+00
      20401    849.989    689.000     6.2171     6.2185  34.448101  34.447376     0.1036     0.1026     3.5902         25    34.5257    34.5234 0.0000e+00
      20422    850.863    690.000     6.2126     6.2144  34.444408  34.444157     0.1050     0.1026     3.5903         18    34.5255    34.5235 0.0000e+00
      20439    851.588    691.000     6.2074     6.2093  34.440041  34.439709     0.1032     0.1026     3.5887         17    34.5255    34.5232 0.0000e+00
      20457    852.332    692.000     6.1984     6.2003  34.431911  34.431618     0.1031     0.1026     3.5886         20    34.5250    34.5227 0.0000e+00
      20483    853.431    693.000     6.1908     6.1925  34.425358  34.425102     0.1031     0.1031     3.5883         35    34.5249    34.5228 0.0000e+00
      20520    854.967    694.000     6.1836     6.1855  34.419071  34.418762     0.1030     0.1025     3.5870         33    34.5245    34.5223 0.0000e+00
      20550    856.211    695.000     6.1786     6.1803  34.414925  34.414692     0.1022     0.1019     3.5861         29    34.5245    34.5225 0.0000e+00
      20583    857.595    696.000     6.1683     6.1713  34.405361  34.406033     0.1038     0.1030     3.5858         40    34.5238    34.5215 0.0000e+00
      20622    859.199    697.000     6.1455     6.1472  34.384884  34.384418     0.1008     0.1028     3.5851         30    34.5234    34.5212 0.0000e+00
      20643    860.091    698.000     6.1261     6.1295  34.367191  34.367832     0.1022     0.1038     3.5847         17    34.5227    34.5200 0.0000e+00
      20659    860.764    699.000     6.1177     6.1196  34.360451  34.360165     0.1039     0.1019     3.5838         16    34.5232    34.5210 0.0000e+00
      20676    861.445    700.000     6.1150     6.1168  34.358322  34.357979     0.1014     0.1023     3.5829         17    34.5231    34.5209 0.0000e+00
      20698    862.367    701.000     6.1119     6.1136  34.355801  34.355396     0.1033     0.1037     3.5816         29    34.5229    34.5207 0.0000e+00
      20733    863.850    702.000     6.1089     6.1103  34.353508  34.352757     0.1006     0.1026     3.5812         37    34.5229    34.5206 0.0000e+00
      20764    865.109    703.000     6.1051     6.1068  34.350235  34.349922     0.1013     0.1021     3.5809         25    34.5226    34.5205 0.0000e+00
      20788    866.114    704.000     6.1010     6.1027  34.346924  34.346458     0.1037     0.1033     3.5804         25    34.5225    34.5203 0.0000e+00
      20818    867.361    705.000     6.0908     6.0921  34.337666  34.336784     0.1022     0.1033     3.5789         36    34.5220    34.5197 0.0000e+00
      20852    868.801    706.000     6.0863     6.0879  34.334198  34.333672     0.1038     0.1025     3.5774         29    34.5222    34.5200 0.0000e+00
      20876    869.802    707.000     6.0858     6.0871  34.334251  34.333576     0.1006     0.1026     3.5763         20    34.5222    34.5202 0.0000e+00
      20895    870.596    708.000     6.0852     6.0867  34.334171  34.333622     0.1009     0.1027     3.5762         20    34.5223    34.5202 0.0000e+00
      20916    871.477    709.000     6.0845     6.0863  34.334038  34.333790     0.1006     0.1039     3.5761         24    34.5223    34.5203 0.0000e+00
      20945    872.673    710.000     6.0845     6.0860  34.334381  34.333885     0.1013     0.1040     3.5757         32    34.5223    34.5202 0.0000e+00
      20979    874.087    711.000     6.0841     6.0859  34.334438  34.334255     0.1031     0.1018     3.5739         35    34.5223    34.5202 0.0000e+00
      21013    875.514    712.000     6.0813     6.0825  34.332249  34.331573     0.1018     0.1021     3.5724         32    34.5221    34.5201 0.0000e+00
      21040    876.644    713.000     6.0764     6.0781  34.328133  34.327755     0.1032     0.1020     3.5714         22    34.5220    34.5198 0.0000e+00
      21061    877.481    714.000     6.0739     6.0755  34.326271  34.325878     0.1024     0.1031     3.5714         20    34.5220    34.5199 0.0000e+00
      21081    878.341    715.000     6.0720     6.0736  34.324993  34.324539     0.1014     0.1028     3.5713         23    34.5220    34.5198 0.0000e+00
      21107    879.421    716.000     6.0700     6.0717  34.323463  34.323112     0.1009     0.1026     3.5709         28    34.5218    34.5197 0.0000e+00
      21134    880.529    717.000     6.0672     6.0689  34.321182  34.320843     0.1011     0.1038     3.5696         24    34.5216    34.5195 0.0000e+00
      21158    881.541    718.000     6.0626     6.0644  34.317120  34.316860     0.1013     0.1029     3.5685         25    34.5212    34.5191 0.0000e+00
      21185    882.648    719.000     6.0464     6.0487  34.302006  34.301910     0.1017     0.1034     3.5670         28    34.5201    34.5177 0.0000e+00
      21212    883.811    720.000     6.0309     6.0329  34.287960  34.287792     0.1029     0.1013     3.5666         30    34.5197    34.5175 0.0000e+00
      21251    885.411    721.000     6.0209     6.0228  34.279037  34.278851     0.1007     0.1029     3.5659         45    34.5192    34.5171 0.0000e+00
      21289    887.002    722.000     6.0089     6.0113  34.268085  34.267998     0.1011     0.1025     3.5642         27    34.5186    34.5161 0.0000e+00
      21311    887.911    723.000     5.9832     5.9857  34.244724  34.244648     0.1013     0.1026     3.5630         20    34.5180    34.5153 0.0000e+00
