testfiles/govdocs/433/433858.txt
* Sea-Bird SBE 9 Data File:
* FileName = C:\CTDDATA\KA70301.dat
* Software Version Seasave Win32 V 5.30b
* Temperature SN = 2126
* Conductivity SN = 0524
* Number of Bytes Per Scan = 30
* Number of Voltage Words = 4
* Number of Scans Averaged by the Deck Unit = 1
** Nominal Latitude: .5N
** Nominal Longitude: 180W
# nquan = 14                                
# nvalues = 2000                        
# units = specified
# name 0 = scan: Scan Count
# name 1 = timeS: Time, Elapsed [seconds]
# name 2 = prDM: Pressure, Digiquartz [db]
# name 3 = t068C: Temperature [ITS-68, deg C]
# name 4 = t168C: Temperature, 2 [ITS-68, deg C]
# name 5 = c0mS/cm: Conductivity [mS/cm]
# name 6 = c1mS/cm: Conductivity, 2 [mS/cm]
# name 7 = v0: Voltage 0
# name 8 = v1: Voltage 1
# name 9 = v2: Voltage 2
# name 10 = nbin: number of scans per bin
# name 11 = sal00: Salinity [PSU]
# name 12 = sal11: Salinity, 2 [PSU]
# name 13 = flag: flag
# span 0 =       -303,      59232       
# span 1 =    -12.673,   2467.953       
# span 2 =      1.000,   1001.000       
# span 3 =     4.6170,    30.5874       
# span 4 =     4.6145,    30.5899       
# span 5 =  33.167820,  58.751331       
# span 6 =  33.160183,  58.732841       
# span 7 =     0.0835,     0.1285       
# span 8 =     0.0857,     0.2815       
# span 9 =     2.1929,     3.9181       
# span 10 =          5,         75      
# span 11 =    34.2986,    35.4772      
# span 12 =    34.2799,    35.4729      
# span 13 = 0.0000e+00, 0.0000e+00      
# interval = decibars: 1                
# start_time = Nov 20 2006 01:38:49
# bad_flag = -9.990e-29
*END*
[from data line 1446]
      44832   1867.972    554.000     7.8412     7.8430  35.948521  35.947132     0.0900     0.0970     2.3565         13    34.6108    34.6075 0.0000e+00
      44845   1868.507    553.000     7.8546     7.8667  35.962509  35.967175     0.0948     0.0977     2.3559         13    34.6130    34.6061 0.0000e+00
      44858   1869.056    552.000     7.8694     7.8810  35.976521  35.980488     0.0937     0.0966     2.3550         14    34.6140    34.6067 0.0000e+00
      44873   1869.686    551.000     7.9038     7.8985  36.007275  35.997524     0.0898     0.0967     2.3541         17    34.6134    34.6082 0.0000e+00
      44940   1872.449    550.000     7.9666     7.9449  36.069481  36.036003     0.0908     0.0967     2.3465         30    34.6186    34.6042 0.0000e+00
      45026   1876.061    549.000     7.9816     7.9921  36.081741  36.083744     0.0908     0.0964     2.3350         20    34.6174    34.6092 0.0000e+00
      45046   1876.866    548.000     7.9945     7.9994  36.092915  36.090855     0.0906     0.0977     2.3324         18    34.6171    34.6100 0.0000e+00
      45064   1877.623    547.000     8.0109     8.0110  36.108009  36.100937     0.0929     0.0965     2.3295         18    34.6176    34.6099 0.0000e+00
      45082   1878.375    546.000     8.0168     8.0181  36.112679  36.107117     0.0928     0.0971     2.3266         19    34.6172    34.6100 0.0000e+00
      45101   1879.159    545.000     8.0202     8.0242  36.115414  36.112103     0.0913     0.0972     2.3233         19    34.6173    34.6097 0.0000e+00
      45123   1880.079    544.000     8.0311     8.0294  36.125061  36.116905     0.0909     0.0964     2.3201         26    34.6173    34.6103 0.0000e+00
      45162   1881.696    543.000     8.0430     8.0453  36.135265  36.130985     0.0912     0.0955     2.3144         55    34.6170    34.6101 0.0000e+00
      45225   1884.326    542.000     8.0585     8.0584  36.148895  36.142635     0.0914     0.0964     2.3059         49    34.6167    34.6101 0.0000e+00
      45261   1885.840    541.000     8.0647     8.0679  36.154297  36.150280     0.0896     0.0958     2.3022         31    34.6168    34.6094 0.0000e+00
      45288   1886.969    540.000     8.0655     8.0669  36.154892  36.148983     0.0893     0.0958     2.2997         24    34.6172    34.6095 0.0000e+00
      45311   1887.913    539.000     8.0744     8.0753  36.162308  36.156425     0.0903     0.0972     2.2981         23    34.6168    34.6096 0.0000e+00
      45334   1888.882    538.000     8.0825     8.0840  36.169228  36.163670     0.0926     0.0950     2.2961         25    34.6167    34.6093 0.0000e+00
      45364   1890.121    537.000     8.0853     8.0884  36.171047  36.166958     0.0912     0.0955     2.2944         35    34.6163    34.6089 0.0000e+00
      45404   1891.780    536.000     8.0907     8.0962  36.175251  36.172894     0.0925     0.0954     2.2912         40    34.6159    34.6081 0.0000e+00
      45438   1893.224    535.000     8.1054     8.1017  36.187695  36.178238     0.0905     0.0956     2.2904         30    34.6152    34.6088 0.0000e+00
      45466   1894.364    534.000     8.1149     8.1120  36.197037  36.187141     0.0896     0.0957     2.2893         26    34.6164    34.6086 0.0000e+00
      45493   1895.483    533.000     8.1289     8.1221  36.209312  36.196350     0.0927     0.0976     2.2882         28    34.6161    34.6090 0.0000e+00
      45522   1896.698    532.000     8.1476     8.1390  36.227253  36.213070     0.0927     0.0956     2.2882         31    34.6173    34.6107 0.0000e+00
      45555   1898.091    531.000     8.1717     8.1636  36.250557  36.236759     0.0928     0.0964     2.2875         36    34.6189    34.6122 0.0000e+00
      45593   1899.648    530.000     8.1920     8.1809  36.268539  36.252480     0.0920     0.0952     2.2872         37    34.6186    34.6124 0.0000e+00
      45626   1901.054    529.000     8.2008     8.1970  36.277367  36.267094     0.0926     0.0959     2.2875         30    34.6198    34.6127 0.0000e+00
      45655   1902.238    528.000     8.2091     8.2049  36.284855  36.274063     0.0910     0.0952     2.2879         28    34.6201    34.6128 0.0000e+00
      45684   1903.441    527.000     8.2122     8.2127  36.287674  36.281082     0.0904     0.0935     2.2881         32    34.6205    34.6131 0.0000e+00
      45719   1904.908    526.000     8.2146     8.2148  36.289192  36.282059     0.0909     0.0958     2.2886         36    34.6203    34.6125 0.0000e+00
      45751   1906.254    525.000     8.2168     8.2175  36.290627  36.284328     0.0916     0.0950     2.2896         28    34.6201    34.6127 0.0000e+00
      45776   1907.309    524.000     8.2169     8.2192  36.290356  36.285263     0.0916     0.0954     2.2907         24    34.6202    34.6125 0.0000e+00
      45801   1908.334    523.000     8.2201     8.2200  36.292889  36.285870     0.0916     0.0964     2.2920         26    34.6202    34.6128 0.0000e+00
      45833   1909.686    522.000     8.2233     8.2246  36.295448  36.289558     0.0923     0.0949     2.2936         39    34.6203    34.6127 0.0000e+00
      45874   1911.358    521.000     8.2249     8.2262  36.296261  36.290165     0.0915     0.0944     2.2960         39    34.6200    34.6123 0.0000e+00
      45910   1912.890    520.000     8.2253     8.2266  36.296104  36.289963     0.0915     0.0943     2.2976         35    34.6199    34.6121 0.0000e+00
      45943   1914.236    519.000     8.2279     8.2284  36.298180  36.291336     0.0905     0.0944     2.3011         30    34.6200    34.6123 0.0000e+00
      45971   1915.412    518.000     8.2341     8.2333  36.303406  36.295872     0.0905     0.0948     2.3036         27    34.6199    34.6127 0.0000e+00
      45999   1916.598    517.000     8.2386     8.2377  36.307415  36.299446     0.0913     0.0943     2.3067         29    34.6202    34.6127 0.0000e+00
      46027   1917.732    516.000     8.2437     8.2433  36.311852  36.304276     0.0901     0.0952     2.3093         26    34.6205    34.6128 0.0000e+00
      46052   1918.797    515.000     8.2488     8.2485  36.316463  36.309219     0.0906     0.0945     2.3122         26    34.6208    34.6134 0.0000e+00
      46080   1919.946    514.000     8.2553     8.2544  36.322147  36.314323     0.0908     0.0948     2.3156         30    34.6209    34.6135 0.0000e+00
      46115   1921.414    513.000     8.2625     8.2646  36.328671  36.323673     0.0902     0.0946     2.3196         41    34.6213    34.6139 0.0000e+00
      46161   1923.346    512.000     8.2755     8.2709  36.340717  36.327480     0.0902     0.0939     2.3255         50    34.6217    34.6122 0.0000e+00
      46206   1925.224    511.000     8.2859     8.2816  36.349586  36.338520     0.0910     0.0947     2.3316         35    34.6215    34.6139 0.0000e+00
      46234   1926.363    510.000     8.2931     8.2918  36.357059  36.348797     0.0916     0.0945     2.3358         23    34.6228    34.6153 0.0000e+00
      46255   1927.232    509.000     8.2994     8.2975  36.363125  36.353905     0.0910     0.0946     2.3385         20    34.6236    34.6156 0.0000e+00
      46274   1928.032    508.000     8.3090     8.3053  36.371582  36.361507     0.0912     0.0936     2.3413         19    34.6236    34.6164 0.0000e+00
      46294   1928.894    507.000     8.3121     8.3144  36.374470  36.369408     0.0910     0.0931     2.3446         23    34.6240    34.6164 0.0000e+00
      46322   1930.052    506.000     8.3165     8.3179  36.378067  36.372490     0.0906     0.0946     2.3489         34    34.6240    34.6167 0.0000e+00
      46373   1932.158    505.000     8.3277     8.3352  36.388687  36.388847     0.0918     0.0948     2.3567         67    34.6248    34.6176 0.0000e+00
      46429   1934.487    504.000     8.3482     8.3455  36.407230  36.398170     0.0908     0.0937     2.3656         35    34.6248    34.6179 0.0000e+00
      46454   1935.540    503.000     8.3539     8.3549  36.413197  36.406933     0.0904     0.0927     2.3695         21    34.6260    34.6184 0.0000e+00
      46473   1936.342    502.000     8.3609     8.3588  36.419456  36.410488     0.0900     0.0928     2.3727         19    34.6262    34.6188 0.0000e+00
      46492   1937.120    501.000     8.3700     8.3687  36.427856  36.420319     0.0911     0.0940     2.3757         19    34.6267    34.6200 0.0000e+00
      46515   1938.064    500.000     8.3754     8.3765  36.433041  36.427017     0.0923     0.0949     2.3794         28    34.6274    34.6199 0.0000e+00
      46547   1939.423    499.000     8.3794     8.3805  36.436245  36.430195     0.0914     0.0958     2.3849         36    34.6273    34.6198 0.0000e+00
      46589   1941.185    498.000     8.3913     8.3883  36.447083  36.437943     0.0917     0.0948     2.3920         50    34.6276    34.6208 0.0000e+00
      46650   1943.704    497.000     8.4128     8.4092  36.467190  36.457291     0.0910     0.0939     2.4019         42    34.6283    34.6214 0.0000e+00
      46677   1944.844    496.000     8.4258     8.4240  36.479538  36.471249     0.0929     0.0940     2.4069         23    34.6291    34.6221 0.0000e+00
      46698   1945.722    495.000     8.4298     8.4270  36.483871  36.473843     0.0901     0.0941     2.4110         20    34.6302    34.6224 0.0000e+00
      46719   1946.579    494.000     8.4489     8.4431  36.501556  36.488766     0.0923     0.0951     2.4143         21    34.6307    34.6229 0.0000e+00
      46741   1947.508    493.000     8.4611     8.4577  36.512856  36.503292     0.0918     0.0951     2.4182         24    34.6312    34.6244 0.0000e+00
      46767   1948.583    492.000     8.4796     8.4772  36.529877  36.521729     0.0909     0.0961     2.4233         28    34.6316    34.6253 0.0000e+00
      46799   1949.896    491.000     8.4982     8.4901  36.547405  36.534077     0.0912     0.0946     2.4292         37    34.6323    34.6262 0.0000e+00
      46849   1952.002    490.000     8.5124     8.5087  36.560822  36.550957     0.0927     0.0941     2.4382         60    34.6331    34.6263 0.0000e+00
      46898   1954.041    489.000     8.5165     8.5167  36.564178  36.558407     0.0954     0.0937     2.4478         34    34.6331    34.6268 0.0000e+00
      46925   1955.180    488.000     8.5176     8.5163  36.565773  36.557297     0.0926     0.0950     2.4528         24    34.6342    34.6265 0.0000e+00
      46948   1956.110    487.000     8.5227     8.5194  36.570015  36.559677     0.0906     0.0940     2.4572         22    34.6341    34.6265 0.0000e+00
      46968   1956.974    486.000     8.5306     8.5280  36.577507  36.568207     0.0915     0.0951     2.4613         20    34.6347    34.6275 0.0000e+00
      46990   1957.865    485.000     8.5383     8.5371  36.584728  36.576385     0.0903     0.0951     2.4654         23    34.6353    34.6278 0.0000e+00
      47020   1959.141    484.000     8.5538     8.5535  36.599480  36.590961     0.0914     0.0951     2.4719         41    34.6362    34.6275 0.0000e+00
      47090   1962.022    483.000     8.5662     8.5681  36.610619  36.605457     0.0901     0.0951     2.4866         36    34.6364    34.6291 0.0000e+00
      47121   1963.320    482.000     8.5720     8.5733  36.615948  36.609966     0.0905     0.0955     2.4935         23    34.6367    34.6292 0.0000e+00
      47141   1964.150    481.000     8.5772     8.5776  36.620834  36.614010     0.0906     0.0960     2.4979         18    34.6372    34.6297 0.0000e+00
      47159   1964.905    480.000     8.5825     8.5831  36.625507  36.618919     0.0913     0.0958     2.5024         18    34.6375    34.6300 0.0000e+00
      47178   1965.705    479.000     8.5858     8.5884  36.628582  36.623661     0.0916     0.0951     2.5065         21    34.6379    34.6302 0.0000e+00
      47203   1966.729    478.000     8.5936     8.5947  36.635841  36.629593     0.0909     0.0951     2.5125         30    34.6385    34.6308 0.0000e+00
      47249   1968.657    477.000     8.6001     8.6003  36.641457  36.634258     0.0921     0.0946     2.5237         46    34.6385    34.6307 0.0000e+00
      47295   1970.595    476.000     8.6048     8.6050  36.644955  36.638180     0.0923     0.0958     2.5351         32    34.6380    34.6307 0.0000e+00
      47320   1971.607    475.000     8.6057     8.6076  36.645725  36.640133     0.0885     0.0963     2.5411         22    34.6385    34.6308 0.0000e+00
      47341   1972.479    474.000     8.6102     8.6091  36.649864  36.641460     0.0905     0.0963     2.5465         19    34.6389    34.6311 0.0000e+00
      47359   1973.241    473.000     8.6151     8.6139  36.653973  36.645817     0.0914     0.0960     2.5511         19    34.6389    34.6315 0.0000e+00
      47379   1974.100    472.000     8.6185     8.6198  36.656933  36.651001     0.0907     0.0951     2.5566         22    34.6392    34.6316 0.0000e+00
      47401   1975.001    471.000     8.6230     8.6218  36.660797  36.652431     0.0905     0.0954     2.5624         22    34.6393    34.6317 0.0000e+00
      47423   1975.932    470.000     8.6261     8.6266  36.663345  36.656750     0.0913     0.0959     2.5690         22    34.6395    34.6319 0.0000e+00
      47445   1976.839    469.000     8.6284     8.6277  36.665096  36.657227     0.0912     0.0943     2.5746         21    34.6395    34.6319 0.0000e+00
      47465   1977.685    468.000     8.6333     8.6330  36.669487  36.662285     0.0912     0.0964     2.5806         20    34.6398    34.6325 0.0000e+00
      47487   1978.585    467.000     8.6398     8.6410  36.675781  36.670177     0.0924     0.0951     2.5865         24    34.6405    34.6334 0.0000e+00
      47517   1979.839    466.000     8.6468     8.6473  36.681755  36.675400     0.0911     0.0951     2.5948         38    34.6404    34.6333 0.0000e+00
      47558   1981.531    465.000     8.6518     8.6570  36.686451  36.684155     0.0923     0.0940     2.6071         36    34.6409    34.6335 0.0000e+00
      47584   1982.623    464.000     8.6697     8.6716  36.702999  36.698273     0.0916     0.0930     2.6147         20    34.6413    34.6345 0.0000e+00
      47602   1983.389    463.000     8.6811     8.6763  36.714458  36.701885     0.0951     0.0940     2.6201         17    34.6428    34.6343 0.0000e+00
      47619   1984.068    462.000     8.7038     8.6931  36.736568  36.720573     0.0938     0.0964     2.6253         16    34.6444    34.6380 0.0000e+00
      47636   1984.791    461.000     8.7152     8.7155  36.746685  36.741562     0.0923     0.0949     2.6303         19    34.6443    34.6387 0.0000e+00
      47659   1985.741    460.000     8.7321     8.7365  36.764111  36.761715     0.0921     0.0948     2.6375         28    34.6466    34.6398 0.0000e+00
      47691   1987.090    459.000     8.7536     8.7515  36.782406  36.773411     0.0931     0.0954     2.6476         35    34.6454    34.6379 0.0000e+00
      47722   1988.385    458.000     8.7703     8.7704  36.799007  36.792904     0.0914     0.0959     2.6575         26    34.6470    34.6405 0.0000e+00
      47746   1989.362    457.000     8.7811     8.7768  36.809902  36.798870     0.0906     0.0951     2.6653         22    34.6484    34.6410 0.0000e+00
      47767   1990.239    456.000     8.7874     8.7824  36.816273  36.804031     0.0905     0.0950     2.6717         21    34.6493    34.6413 0.0000e+00
      47790   1991.192    455.000     8.7994     8.7966  36.828072  36.818233     0.0909     0.0951     2.6790         25    34.6505    34.6429 0.0000e+00
      47816   1992.281    454.000     8.8079     8.8068  36.835438  36.827309     0.0922     0.0951     2.6874         27    34.6505    34.6429 0.0000e+00
      47842   1993.378    453.000     8.8136     8.8135  36.840450  36.833752     0.0913     0.0950     2.6957         25    34.6506    34.6437 0.0000e+00
