testfiles/govdocs/433/433858.txt
* Sea-Bird SBE 9 Data File:
* FileName = C:\CTDDATA\KA70301.dat
* Software Version Seasave Win32 V 5.30b
* Temperature SN = 2126
* Conductivity SN = 0524
* Number of Bytes Per Scan = 30
* Number of Voltage Words = 4
* Number of Scans Averaged by the Deck Unit = 1
** Nominal Latitude: .5N
** Nominal Longitude: 180W
# nquan = 14                                
# nvalues = 2000                        
# units = specified
# name 0 = scan: Scan Count
# name 1 = timeS: Time, Elapsed [seconds]
# name 2 = prDM: Pressure, Digiquartz [db]
# name 3 = t068C: Temperature [ITS-68, deg C]
# name 4 = t168C: Temperature, 2 [ITS-68, deg C]
# name 5 = c0mS/cm: Conductivity [mS/cm]
# name 6 = c1mS/cm: Conductivity, 2 [mS/cm]
# name 7 = v0: Voltage 0
# name 8 = v1: Voltage 1
# name 9 = v2: Voltage 2
# name 10 = nbin: number of scans per bin
# name 11 = sal00: Salinity [PSU]
# name 12 = sal11: Salinity, 2 [PSU]
# name 13 = flag: flag
# span 0 =       -303,      59232       
# span 1 =    -12.673,   2467.953       
# span 2 =      1.000,   1001.000       
# span 3 =     4.6170,    30.5874       
# span 4 =     4.6145,    30.5899       
# span 5 =  33.167820,  58.751331       
# span 6 =  33.160183,  58.732841       
# span 7 =     0.0835,     0.1285       
# span 8 =     0.0857,     0.2815       
# span 9 =     2.1929,     3.9181       
# span 10 =          5,         75      
# span 11 =    34.2986,    35.4772      
# span 12 =    34.2799,    35.4729      
# span 13 = 0.0000e+00, 0.0000e+00      
# interval = decibars: 1                
# start_time = Nov 20 2006 01:38:49
# bad_flag = -9.990e-29
*END*
[from data line 723]
      21619    900.753    725.000     6.2747     6.2763  34.539349  34.535725     0.1017     0.1037     3.5529         19    34.5517    34.5461 0.0000e+00
      21638    901.551    726.000     6.2721     6.2736  34.537487  34.533798     0.1016     0.1048     3.5519         20    34.5519    34.5462 0.0000e+00
      21658    902.385    727.000     6.2710     6.2725  34.536949  34.533283     0.1008     0.1028     3.5515         20    34.5519    34.5463 0.0000e+00
      21680    903.288    728.000     6.2690     6.2706  34.535702  34.532139     0.1014     0.1033     3.5513         23    34.5520    34.5465 0.0000e+00
      21706    904.388    729.000     6.2655     6.2670  34.532932  34.529270     0.1017     0.1024     3.5510         32    34.5519    34.5464 0.0000e+00
      21743    905.923    730.000     6.2601     6.2616  34.528427  34.524742     0.1013     0.1018     3.5501         38    34.5519    34.5463 0.0000e+00
      21776    907.294    731.000     6.2552     6.2567  34.524483  34.520958     0.1016     0.1021     3.5494         28    34.5520    34.5466 0.0000e+00
      21802    908.362    732.000     6.2533     6.2547  34.523346  34.519520     0.1012     0.1033     3.5494         25    34.5521    34.5464 0.0000e+00
      21827    909.402    733.000     6.2508     6.2514  34.521427  34.516903     0.1029     0.1031     3.5492         25    34.5521    34.5464 0.0000e+00
      21852    910.443    734.000     6.2409     6.2425  34.512619  34.509068     0.1040     0.1015     3.5488         24    34.5518    34.5462 0.0000e+00
      21875    911.428    735.000     6.2315     6.2335  34.504211  34.500877     0.1026     0.1024     3.5486         23    34.5514    34.5456 0.0000e+00
      21898    912.392    736.000     6.2210     6.2220  34.494999  34.490578     0.1023     0.1022     3.5480         24    34.5512    34.5453 0.0000e+00
      21924    913.469    737.000     6.2104     6.2117  34.485554  34.481743     0.1019     0.1030     3.5486         29    34.5509    34.5454 0.0000e+00
      21956    914.790    738.000     6.2045     6.2061  34.480583  34.477089     0.1016     0.1035     3.5481         32    34.5508    34.5453 0.0000e+00
      21984    915.971    739.000     6.2018     6.2033  34.478844  34.475296     0.1012     0.1046     3.5475         24    34.5511    34.5456 0.0000e+00
      22006    916.886    740.000     6.2007     6.2023  34.478283  34.474728     0.1011     0.1024     3.5472         21    34.5511    34.5456 0.0000e+00
      22027    917.744    741.000     6.1996     6.2012  34.477890  34.474255     0.1016     0.1022     3.5470         21    34.5513    34.5456 0.0000e+00
      22048    918.641    742.000     6.1989     6.2004  34.477661  34.474010     0.1007     0.1014     3.5474         23    34.5513    34.5456 0.0000e+00
      22074    919.725    743.000     6.1977     6.1992  34.476761  34.473171     0.1008     0.1022     3.5476         29    34.5510    34.5455 0.0000e+00
      22108    921.130    744.000     6.1897     6.1912  34.469543  34.465855     0.1014     0.1021     3.5474         37    34.5505    34.5449 0.0000e+00
      22144    922.630    745.000     6.1820     6.1835  34.462990  34.459373     0.1018     0.1017     3.5471         36    34.5505    34.5450 0.0000e+00
      22181    924.165    746.000     6.1783     6.1798  34.460117  34.456436     0.1000     0.1032     3.5469         34    34.5505    34.5450 0.0000e+00
      22208    925.288    747.000     6.1755     6.1771  34.458084  34.454308     0.1000     0.1022     3.5470         21    34.5506    34.5448 0.0000e+00
      22226    926.042    748.000     6.1719     6.1734  34.455036  34.451405     0.1021     0.1034     3.5470         17    34.5504    34.5448 0.0000e+00
      22241    926.681    749.000     6.1703     6.1718  34.454067  34.450306     0.1048     0.1038     3.5470         14    34.5505    34.5447 0.0000e+00
      22256    927.278    750.000     6.1698     6.1713  34.453869  34.450294     0.1108     0.1036     3.5470         14    34.5502    34.5447 0.0000e+00
      22270    927.892    751.000     6.1684     6.1699  34.453007  34.449467     0.1071     0.1014     3.5468         16    34.5502    34.5447 0.0000e+00
      22288    928.616    752.000     6.1671     6.1686  34.452148  34.448471     0.1039     0.1019     3.5469         20    34.5500    34.5444 0.0000e+00
      22335    930.580    753.000     6.1628     6.1636  34.448101  34.443787     0.1028     0.1024     3.5467         38    34.5494    34.5437 0.0000e+00
      22402    933.374    754.000     6.1492     6.1507  34.435699  34.431938     0.0982     0.1031     3.5462         24    34.5488    34.5431 0.0000e+00
      22420    934.112    755.000     6.1407     6.1423  34.428585  34.424767     0.1004     0.1035     3.5462         16    34.5490    34.5431 0.0000e+00
      22435    934.758    756.000     6.1387     6.1403  34.427670  34.424030     0.1038     0.1036     3.5459         15    34.5495    34.5438 0.0000e+00
      22450    935.372    757.000     6.1279     6.1298  34.416462  34.412636     0.1024     0.1016     3.5450         15    34.5474    34.5412 0.0000e+00
      22466    936.035    758.000     6.0957     6.0979  34.386108  34.382332     0.1018     0.1025     3.5451         17    34.5455    34.5390 0.0000e+00
      22486    936.878    759.000     6.0687     6.0705  34.362267  34.358479     0.1013     0.1036     3.5449         25    34.5456    34.5395 0.0000e+00
      22517    938.152    760.000     6.0487     6.0502  34.344349  34.340603     0.1006     0.1045     3.5451         35    34.5454    34.5397 0.0000e+00
      22549    939.480    761.000     6.0397     6.0413  34.336655  34.332973     0.1003     0.1036     3.5446         28    34.5453    34.5396 0.0000e+00
      22575    940.580    762.000     6.0312     6.0327  34.330166  34.326485     0.1018     0.1040     3.5444         25    34.5462    34.5405 0.0000e+00
      22604    941.771    763.000     6.0263     6.0278  34.326111  34.322559     0.1019     0.1034     3.5443         34    34.5462    34.5406 0.0000e+00
      22640    943.289    764.000     6.0186     6.0201  34.319733  34.315975     0.1015     0.1042     3.5440         34    34.5463    34.5405 0.0000e+00
      22668    944.466    765.000     6.0092     6.0107  34.311394  34.307384     0.1016     0.1027     3.5439         24    34.5459    34.5399 0.0000e+00
      22690    945.365    766.000     6.0027     6.0042  34.305813  34.301739     0.1015     0.1031     3.5433         20    34.5458    34.5397 0.0000e+00
      22710    946.224    767.000     5.9940     5.9958  34.297558  34.293736     0.1020     0.1025     3.5438         22    34.5448    34.5387 0.0000e+00
      22732    947.135    768.000     5.9847     5.9863  34.289066  34.285263     0.1005     0.1022     3.5437         22    34.5443    34.5383 0.0000e+00
      22756    948.139    769.000     5.9701     5.9716  34.275944  34.272015     0.1004     0.1019     3.5435         26    34.5439    34.5379 0.0000e+00
      22784    949.301    770.000     5.9670     5.9685  34.274143  34.270397     0.1015     0.1026     3.5437         30    34.5445    34.5388 0.0000e+00
      22815    950.587    771.000     5.9650     5.9664  34.272766  34.268860     0.1001     0.1024     3.5436         31    34.5445    34.5387 0.0000e+00
      22846    951.880    772.000     5.9625     5.9639  34.270874  34.267021     0.1007     0.1023     3.5440         30    34.5444    34.5386 0.0000e+00
      22874    953.022    773.000     5.9599     5.9614  34.269081  34.265224     0.1013     0.1018     3.5440         25    34.5445    34.5387 0.0000e+00
      22897    953.980    774.000     5.9572     5.9587  34.267029  34.263279     0.1011     0.1019     3.5436         22    34.5445    34.5388 0.0000e+00
      22918    954.863    775.000     5.9543     5.9557  34.264717  34.260818     0.1064     0.1035     3.5432         20    34.5444    34.5385 0.0000e+00
      22938    955.708    776.000     5.9502     5.9518  34.261433  34.257599     0.1007     0.1044     3.5422         21    34.5443    34.5384 0.0000e+00
      22959    956.572    777.000     5.9433     5.9449  34.255352  34.251469     0.1005     0.1031     3.5424         21    34.5440    34.5380 0.0000e+00
      22983    957.578    778.000     5.9370     5.9385  34.250439  34.246498     0.0995     0.1024     3.5432         28    34.5444    34.5384 0.0000e+00
      23019    959.104    779.000     5.9342     5.9357  34.248486  34.244671     0.1011     0.1021     3.5431         44    34.5445    34.5387 0.0000e+00
      23058    960.718    780.000     5.9318     5.9333  34.246891  34.242962     0.1018     0.1020     3.5434         32    34.5447    34.5387 0.0000e+00
      23086    961.884    781.000     5.9286     5.9302  34.244473  34.240559     0.1012     0.1014     3.5433         25    34.5447    34.5387 0.0000e+00
      23111    962.897    782.000     5.9240     5.9255  34.240639  34.236687     0.1005     0.1024     3.5422         24    34.5446    34.5387 0.0000e+00
      23134    963.866    783.000     5.9171     5.9187  34.234577  34.230762     0.1011     0.1023     3.5421         22    34.5443    34.5384 0.0000e+00
      23156    964.773    784.000     5.9071     5.9086  34.225906  34.221970     0.1015     0.1013     3.5421         21    34.5443    34.5383 0.0000e+00
      23176    965.619    785.000     5.8982     5.8999  34.218346  34.214634     0.1012     0.1023     3.5421         20    34.5443    34.5384 0.0000e+00
      23197    966.500    786.000     5.8909     5.8925  34.212688  34.208759     0.1012     0.1023     3.5421         23    34.5448    34.5388 0.0000e+00
      23222    967.529    787.000     5.8854     5.8869  34.208019  34.204132     0.0998     0.1035     3.5420         27    34.5447    34.5388 0.0000e+00
      23250    968.713    788.000     5.8758     5.8773  34.199638  34.195793     0.1031     0.1034     3.5420         30    34.5445    34.5386 0.0000e+00
      23282    970.050    789.000     5.8670     5.8685  34.192158  34.188187     0.1013     0.1030     3.5416         34    34.5445    34.5385 0.0000e+00
      23317    971.516    790.000     5.8628     5.8642  34.188843  34.184971     0.1023     0.1025     3.5413         34    34.5446    34.5387 0.0000e+00
      23347    972.730    791.000     5.8609     5.8624  34.187645  34.183800     0.1071     0.1024     3.5417         25    34.5446    34.5388 0.0000e+00
      23369    973.665    792.000     5.8590     5.8606  34.186554  34.182747     0.1012     0.1019     3.5414         21    34.5448    34.5390 0.0000e+00
      23390    974.534    793.000     5.8572     5.8587  34.185356  34.181454     0.1012     0.1022     3.5406         21    34.5448    34.5389 0.0000e+00
      23413    975.518    794.000     5.8562     5.8577  34.184891  34.181026     0.1004     0.1032     3.5404         27    34.5448    34.5390 0.0000e+00
      23444    976.797    795.000     5.8559     5.8574  34.185059  34.181160     0.1019     0.1023     3.5405         33    34.5448    34.5390 0.0000e+00
      23475    978.096    796.000     5.8516     5.8532  34.181190  34.177216     0.0999     0.1022     3.5397         28    34.5444    34.5383 0.0000e+00
      23501    979.176    797.000     5.8395     5.8412  34.170891  34.167015     0.1013     0.1020     3.5396         24    34.5445    34.5385 0.0000e+00
      23524    980.123    798.000     5.8349     5.8365  34.166935  34.163097     0.1055     0.1034     3.5390         22    34.5443    34.5384 0.0000e+00
      23545    980.999    799.000     5.8189     5.8206  34.152332  34.148285     0.1013     0.1022     3.5390         21    34.5436    34.5373 0.0000e+00
      23567    981.898    800.000     5.8049     5.8066  34.140347  34.136349     0.1018     0.1016     3.5386         23    34.5438    34.5377 0.0000e+00
      23593    982.988    801.000     5.7956     5.7971  34.132225  34.128262     0.1016     0.1025     3.5384         30    34.5437    34.5377 0.0000e+00
      23627    984.403    802.000     5.7891     5.7905  34.126881  34.122952     0.1017     0.1025     3.5373         36    34.5438    34.5379 0.0000e+00
      23660    985.803    803.000     5.7847     5.7861  34.123432  34.119610     0.1008     0.1024     3.5372         31    34.5439    34.5381 0.0000e+00
      23690    987.034    804.000     5.7769     5.7785  34.116650  34.112724     0.1010     0.1018     3.5371         28    34.5437    34.5376 0.0000e+00
      23717    988.170    805.000     5.7581     5.7598  34.099796  34.095825     0.0999     0.1022     3.5365         26    34.5433    34.5370 0.0000e+00
      23742    989.205    806.000     5.7447     5.7464  34.088085  34.084229     0.1003     0.1024     3.5365         24    34.5432    34.5371 0.0000e+00
      23763    990.102    807.000     5.7314     5.7331  34.076447  34.072533     0.1013     0.1024     3.5359         20    34.5431    34.5369 0.0000e+00
      23782    990.896    808.000     5.7211     5.7228  34.067513  34.063713     0.1018     0.1025     3.5355         18    34.5429    34.5369 0.0000e+00
      23802    991.701    809.000     5.7154     5.7170  34.063171  34.059311     0.1018     0.1033     3.5348         21    34.5433    34.5374 0.0000e+00
      23826    992.691    810.000     5.7107     5.7123  34.059250  34.055218     0.0994     0.1029     3.5348         28    34.5432    34.5371 0.0000e+00
      23857    994.014    811.000     5.7000     5.7014  34.049843  34.045876     0.1015     0.1039     3.5347         34    34.5430    34.5371 0.0000e+00
      23891    995.401    812.000     5.6927     5.6941  34.043808  34.039871     0.1014     0.1019     3.5343         32    34.5432    34.5372 0.0000e+00
      23922    996.720    813.000     5.6881     5.6896  34.040081  34.036167     0.1007     0.1034     3.5342         31    34.5431    34.5371 0.0000e+00
      23954    998.022    814.000     5.6840     5.6855  34.036930  34.033012     0.1008     0.1025     3.5340         32    34.5432    34.5372 0.0000e+00
      23984    999.289    815.000     5.6796     5.6811  34.033321  34.029377     0.1012     0.1033     3.5336         27    34.5431    34.5371 0.0000e+00
      24008   1000.279    816.000     5.6751     5.6766  34.029732  34.025810     0.1013     0.1020     3.5326         21    34.5432    34.5372 0.0000e+00
      24028   1001.107    817.000     5.6624     5.6642  34.017998  34.014046     0.1015     0.1021     3.5324         20    34.5424    34.5360 0.0000e+00
      24047   1001.936    818.000     5.6463     5.6480  34.004551  34.000614     0.1000     0.1026     3.5324         21    34.5430    34.5369 0.0000e+00
      24070   1002.865    819.000     5.6397     5.6413  33.999176  33.995342     0.0999     0.1020     3.5323         23    34.5432    34.5372 0.0000e+00
      24094   1003.872    820.000     5.6352     5.6367  33.995625  33.991852     0.0999     0.1020     3.5321         24    34.5432    34.5374 0.0000e+00
      24118   1004.862    821.000     5.6311     5.6327  33.992386  33.988392     0.1003     0.1032     3.5323         24    34.5432    34.5371 0.0000e+00
      24143   1005.901    822.000     5.6262     5.6278  33.988304  33.984493     0.1007     0.1029     3.5324         27    34.5431    34.5372 0.0000e+00
      24175   1007.263    823.000     5.6156     5.6171  33.979168  33.975204     0.1006     0.1036     3.5324         38    34.5431    34.5371 0.0000e+00
      24212   1008.802    824.000     5.6070     5.6085  33.971958  33.968002     0.1093     0.1029     3.5318         34    34.5432    34.5372 0.0000e+00
      24243   1010.096    825.000     5.5947     5.5963  33.960903  33.956871     0.1053     0.1028     3.5307         29    34.5428    34.5365 0.0000e+00
      24270   1011.211    826.000     5.5735     5.5751  33.942570  33.938644     0.0993     0.1030     3.5315         25    34.5431    34.5370 0.0000e+00
