testfiles/govdocs/433/433858.txt
* Sea-Bird SBE 9 Data File:
* FileName = C:\CTDDATA\KA70301.dat
* Software Version Seasave Win32 V 5.30b
* Temperature SN = 2126
* Conductivity SN = 0524
* Number of Bytes Per Scan = 30
* Number of Voltage Words = 4
* Number of Scans Averaged by the Deck Unit = 1
** Nominal Latitude: .5N
** Nominal Longitude: 180W
# nquan = 14                                
# nvalues = 2000                        
# units = specified
# name 0 = scan: Scan Count
# name 1 = timeS: Time, Elapsed [seconds]
# name 2 = prDM: Pressure, Digiquartz [db]
# name 3 = t068C: Temperature [ITS-68, deg C]
# name 4 = t168C: Temperature, 2 [ITS-68, deg C]
# name 5 = c0mS/cm: Conductivity [mS/cm]
# name 6 = c1mS/cm: Conductivity, 2 [mS/cm]
# name 7 = v0: Voltage 0
# name 8 = v1: Voltage 1
# name 9 = v2: Voltage 2
# name 10 = nbin: number of scans per bin
# name 11 = sal00: Salinity [PSU]
# name 12 = sal11: Salinity, 2 [PSU]
# name 13 = flag: flag
# span 0 =       -303,      59232       
# span 1 =    -12.673,   2467.953       
# span 2 =      1.000,   1001.000       
# span 3 =     4.6170,    30.5874       
# span 4 =     4.6145,    30.5899       
# span 5 =  33.167820,  58.751331       
# span 6 =  33.160183,  58.732841       
# span 7 =     0.0835,     0.1285       
# span 8 =     0.0857,     0.2815       
# span 9 =     2.1929,     3.9181       
# span 10 =          5,         75      
# span 11 =    34.2986,    35.4772      
# span 12 =    34.2799,    35.4729      
# span 13 = 0.0000e+00, 0.0000e+00      
# interval = decibars: 1                
# start_time = Nov 20 2006 01:38:49
# bad_flag = -9.990e-29
*END*
[from data line 620]
      18907    787.760    622.000     7.2130     7.2145  35.376610  35.372700     0.1038     0.1050     3.6075         14    34.5831    34.5773 0.0000e+00
      18923    788.404    623.000     7.2141     7.2155  35.378960  35.375145     0.1043     0.1059     3.6071         17    34.5840    34.5785 0.0000e+00
      18942    789.195    624.000     7.2143     7.2158  35.379990  35.376106     0.1044     0.1056     3.6062         22    34.5845    34.5788 0.0000e+00
      18975    790.577    625.000     7.2119     7.2135  35.377720  35.374027     0.1031     0.1059     3.6053         50    34.5840    34.5784 0.0000e+00
      19032    792.944    626.000     7.1802     7.1829  35.345524  35.342224     0.0992     0.1051     3.6033         45    34.5799    34.5737 0.0000e+00
      19061    794.159    627.000     7.1453     7.1475  35.311218  35.307648     0.1010     0.1059     3.6020         23    34.5769    34.5708 0.0000e+00
      19082    795.045    628.000     7.1255     7.1275  35.292484  35.288952     0.1033     0.1062     3.6010         21    34.5757    34.5698 0.0000e+00
      19104    795.972    629.000     7.1163     7.1180  35.284267  35.280407     0.1037     0.1062     3.6004         24    34.5754    34.5695 0.0000e+00
      19129    797.003    630.000     7.0991     7.1009  35.268986  35.265152     0.1048     0.1053     3.5996         25    34.5754    34.5694 0.0000e+00
      19153    798.007    631.000     7.0807     7.0825  35.252918  35.249104     0.1037     0.1060     3.5990         23    34.5757    34.5698 0.0000e+00
      19175    798.915    632.000     7.0718     7.0736  35.245735  35.242062     0.1037     0.1026     3.5983         21    34.5762    34.5705 0.0000e+00
      19197    799.823    633.000     7.0516     7.0541  35.225864  35.222298     0.1048     0.1042     3.5977         23    34.5742    34.5679 0.0000e+00
      19221    800.832    634.000     7.0130     7.0148  35.190144  35.186157     0.1044     0.1050     3.5968         26    34.5731    34.5671 0.0000e+00
      19250    802.061    635.000     7.0049     7.0063  35.183338  35.179504     0.1025     0.1042     3.5960         32    34.5733    34.5678 0.0000e+00
      19282    803.372    636.000     7.0041     7.0056  35.183170  35.179508     0.1015     0.1056     3.5956         30    34.5735    34.5679 0.0000e+00
      19309    804.500    637.000     7.0019     7.0035  35.181633  35.177799     0.1037     0.1050     3.5949         24    34.5735    34.5677 0.0000e+00
      19332    805.444    638.000     6.9962     6.9975  35.176617  35.172543     0.1038     0.1059     3.5952         22    34.5733    34.5675 0.0000e+00
      19353    806.332    639.000     6.9834     6.9842  35.164600  35.160046     0.1047     0.1054     3.5943         22    34.5724    34.5666 0.0000e+00
      19377    807.347    640.000     6.9639     6.9650  35.146530  35.141857     0.1031     0.1050     3.5939         28    34.5716    34.5653 0.0000e+00
      19412    808.810    641.000     6.9371     6.9396  35.121395  35.118259     0.1021     0.1050     3.5941         40    34.5703    34.5645 0.0000e+00
      19449    810.338    642.000     6.8560     6.8606  35.044514  35.042614     0.1059     0.1060     3.5936         30    34.5666    34.5599 0.0000e+00
      19474    811.365    643.000     6.8118     6.8137  35.005074  35.000969     0.1060     0.1062     3.5936         21    34.5669    34.5606 0.0000e+00
      19493    812.184    644.000     6.7994     6.8008  34.994503  34.990559     0.1037     0.1050     3.5930         19    34.5673    34.5615 0.0000e+00
      19512    812.973    645.000     6.7926     6.7943  34.988621  34.984936     0.1041     0.1050     3.5936         20    34.5671    34.5614 0.0000e+00
      19534    813.874    646.000     6.7868     6.7881  34.983711  34.979832     0.1039     0.1059     3.5931         24    34.5671    34.5615 0.0000e+00
      19564    815.114    647.000     6.7848     6.7863  34.982597  34.978970     0.1020     0.1057     3.5936         36    34.5674    34.5619 0.0000e+00
      19600    816.636    648.000     6.7843     6.7858  34.982853  34.979168     0.1013     0.1061     3.5938         33    34.5676    34.5621 0.0000e+00
      19628    817.799    649.000     6.7835     6.7851  34.982967  34.979286     0.1038     0.1036     3.5940         24    34.5681    34.5624 0.0000e+00
      19649    818.687    650.000     6.7831     6.7846  34.983017  34.979294     0.1029     0.1046     3.5943         20    34.5681    34.5625 0.0000e+00
      19669    819.499    651.000     6.7827     6.7842  34.983219  34.979538     0.1028     0.1038     3.5944         19    34.5683    34.5627 0.0000e+00
      19689    820.327    652.000     6.7824     6.7839  34.983471  34.979797     0.1037     0.1034     3.5941         21    34.5683    34.5628 0.0000e+00
      19713    821.332    653.000     6.7814     6.7829  34.982918  34.979214     0.1026     0.1051     3.5951         28    34.5683    34.5627 0.0000e+00
      19748    822.772    654.000     6.7768     6.7780  34.979130  34.975128     0.1019     0.1052     3.5954         41    34.5682    34.5626 0.0000e+00
      19788    824.465    655.000     6.7707     6.7726  34.973843  34.970505     0.1032     0.1038     3.5957         36    34.5680    34.5624 0.0000e+00
      19818    825.689    656.000     6.7647     6.7661  34.968437  34.964485     0.1024     0.1035     3.5955         25    34.5676    34.5619 0.0000e+00
      19841    826.660    657.000     6.7519     6.7537  34.957027  34.953518     0.1042     0.1039     3.5959         22    34.5674    34.5617 0.0000e+00
      19862    827.523    658.000     6.7471     6.7489  34.953331  34.949829     0.1019     0.1044     3.5958         20    34.5676    34.5620 0.0000e+00
      19880    828.292    659.000     6.7464     6.7480  34.953072  34.949512     0.1020     0.1031     3.5960         17    34.5676    34.5621 0.0000e+00
      19898    829.036    660.000     6.7461     6.7477  34.953316  34.949570     0.1035     0.1049     3.5959         19    34.5676    34.5620 0.0000e+00
      19918    829.857    661.000     6.7460     6.7475  34.953571  34.949863     0.1046     0.1034     3.5959         22    34.5676    34.5620 0.0000e+00
      19951    831.239    662.000     6.7460     6.7475  34.953842  34.950161     0.1062     0.1036     3.5964         48    34.5674    34.5619 0.0000e+00
      20000    833.285    663.000     6.7457     6.7472  34.954033  34.950336     0.1006     0.1048     3.5968         39    34.5674    34.5619 0.0000e+00
      20030    834.554    664.000     6.7445     6.7459  34.953495  34.949646     0.1004     0.1058     3.5963         26    34.5676    34.5619 0.0000e+00
      20055    835.565    665.000     6.7425     6.7440  34.952091  34.948288     0.1044     0.1041     3.5962         23    34.5675    34.5618 0.0000e+00
      20076    836.472    666.000     6.7420     6.7435  34.952080  34.948368     0.1083     0.1031     3.5959         21    34.5676    34.5620 0.0000e+00
      20096    837.284    667.000     6.7418     6.7433  34.952431  34.948700     0.1031     0.1039     3.5958         19    34.5677    34.5620 0.0000e+00
      20114    838.049    668.000     6.7418     6.7433  34.952820  34.949139     0.1030     0.1038     3.5958         18    34.5676    34.5621 0.0000e+00
      20133    838.826    669.000     6.7415     6.7431  34.952923  34.949184     0.1030     0.1045     3.5958         19    34.5676    34.5619 0.0000e+00
      20153    839.657    670.000     6.7413     6.7428  34.953259  34.949421     0.1019     0.1032     3.5958         21    34.5676    34.5619 0.0000e+00
      20177    840.666    671.000     6.7411     6.7424  34.953342  34.949440     0.1017     0.1032     3.5958         29    34.5675    34.5619 0.0000e+00
      20232    842.952    672.000     6.7334     6.7349  34.945957  34.942261     0.1000     0.1043     3.5951         46    34.5665    34.5609 0.0000e+00
      20283    845.065    673.000     6.7206     6.7224  34.934090  34.930435     0.1011     0.1039     3.5941         26    34.5658    34.5600 0.0000e+00
      20302    845.889    674.000     6.6995     6.7016  34.914303  34.910637     0.1003     0.1035     3.5935         18    34.5646    34.5586 0.0000e+00
      20319    846.580    675.000     6.6854     6.6872  34.901882  34.898190     0.1020     0.1029     3.5931         15    34.5646    34.5588 0.0000e+00
      20334    847.204    676.000     6.6817     6.6832  34.898975  34.895370     0.1015     0.1022     3.5925         15    34.5647    34.5591 0.0000e+00
      20348    847.803    677.000     6.6812     6.6827  34.898945  34.895260     0.1012     0.1034     3.5919         14    34.5646    34.5591 0.0000e+00
      20363    848.413    678.000     6.6771     6.6788  34.895279  34.891548     0.1021     0.1032     3.5911         15    34.5642    34.5584 0.0000e+00
      20380    849.110    679.000     6.6706     6.6723  34.889458  34.885754     0.1032     0.1034     3.5910         19    34.5638    34.5580 0.0000e+00
      20405    850.147    680.000     6.6590     6.6605  34.878910  34.875118     0.1026     0.1037     3.5910         30    34.5634    34.5577 0.0000e+00
      20498    854.023    681.000     6.6446     6.6449  34.865784  34.860931     0.1008     0.1032     3.5887         36    34.5629    34.5572 0.0000e+00
      20517    854.833    682.000     6.6336     6.6354  34.856003  34.852272     0.0999     0.1046     3.5885         20    34.5626    34.5567 0.0000e+00
      20534    855.559    683.000     6.6214     6.6230  34.844837  34.840923     0.1037     0.1033     3.5880         16    34.5620    34.5561 0.0000e+00
      20551    856.230    684.000     6.6110     6.6127  34.835377  34.831657     0.1033     0.1045     3.5876         16    34.5616    34.5557 0.0000e+00
      20567    856.915    685.000     6.5987     6.6004  34.824074  34.820198     0.1013     0.1050     3.5865         17    34.5610    34.5549 0.0000e+00
      20585    857.647    686.000     6.5892     6.5909  34.816002  34.812271     0.1020     0.1049     3.5861         18    34.5611    34.5553 0.0000e+00
      20604    858.452    687.000     6.5871     6.5886  34.814831  34.811192     0.1020     0.1032     3.5861         21    34.5614    34.5558 0.0000e+00
      20626    859.368    688.000     6.5846     6.5863  34.812912  34.809284     0.1034     0.1047     3.5860         24    34.5613    34.5555 0.0000e+00
      20656    860.633    689.000     6.5762     6.5777  34.805351  34.801647     0.1020     0.1035     3.5854         38    34.5609    34.5552 0.0000e+00
      20706    862.690    690.000     6.5718     6.5732  34.801792  34.798058     0.1013     0.1050     3.5845         56    34.5609    34.5553 0.0000e+00
      20749    864.483    691.000     6.5646     6.5662  34.795753  34.792171     0.1008     0.1042     3.5831         28    34.5610    34.5554 0.0000e+00
      20770    865.395    692.000     6.5569     6.5586  34.789185  34.785458     0.1008     0.1029     3.5827         19    34.5610    34.5551 0.0000e+00
      20788    866.140    693.000     6.5488     6.5506  34.781887  34.778103     0.1015     0.1022     3.5817         18    34.5605    34.5545 0.0000e+00
      20806    866.883    694.000     6.5406     6.5422  34.774837  34.771175     0.1013     0.1036     3.5812         18    34.5605    34.5549 0.0000e+00
      20826    867.719    695.000     6.5385     6.5401  34.773529  34.769844     0.1013     0.1036     3.5812         22    34.5606    34.5550 0.0000e+00
      20850    868.719    696.000     6.5325     6.5341  34.768291  34.764519     0.1017     0.1036     3.5806         26    34.5604    34.5546 0.0000e+00
      20876    869.795    697.000     6.5278     6.5293  34.764378  34.760670     0.1006     0.1050     3.5801         25    34.5604    34.5548 0.0000e+00
      20901    870.814    698.000     6.5255     6.5271  34.762863  34.759171     0.1017     0.1044     3.5789         24    34.5605    34.5548 0.0000e+00
      20925    871.847    699.000     6.5239     6.5254  34.761810  34.757996     0.1023     0.1025     3.5783         26    34.5605    34.5547 0.0000e+00
      20955    873.101    700.000     6.5218     6.5233  34.760193  34.756554     0.1024     0.1036     3.5780         35    34.5603    34.5548 0.0000e+00
      20995    874.739    701.000     6.5205     6.5219  34.759396  34.755680     0.1006     0.1028     3.5766         41    34.5603    34.5547 0.0000e+00
      21029    876.187    702.000     6.5195     6.5209  34.758965  34.755314     0.1018     0.1044     3.5758         28    34.5603    34.5548 0.0000e+00
      21054    877.208    703.000     6.5182     6.5197  34.758438  34.754749     0.1017     0.1050     3.5750         22    34.5605    34.5549 0.0000e+00
      21074    878.053    704.000     6.5170     6.5184  34.757702  34.754086     0.1013     0.1050     3.5739         20    34.5605    34.5550 0.0000e+00
      21094    878.883    705.000     6.5150     6.5165  34.756237  34.752365     0.1015     0.1049     3.5733         20    34.5604    34.5546 0.0000e+00
      21116    879.774    706.000     6.5108     6.5123  34.752632  34.748924     0.1022     0.1042     3.5727         23    34.5601    34.5545 0.0000e+00
      21140    880.800    707.000     6.5051     6.5067  34.747589  34.743862     0.1051     0.1036     3.5715         26    34.5598    34.5541 0.0000e+00
      21168    881.938    708.000     6.4995     6.5010  34.742798  34.739014     0.1010     0.1033     3.5711         28    34.5596    34.5539 0.0000e+00
      21194    883.042    709.000     6.4949     6.4964  34.738941  34.735146     0.1007     0.1034     3.5708         24    34.5595    34.5538 0.0000e+00
      21217    884.000    710.000     6.4936     6.4951  34.738331  34.734669     0.1013     0.1033     3.5697         22    34.5596    34.5540 0.0000e+00
      21239    884.904    711.000     6.4929     6.4944  34.738049  34.734234     0.1017     0.1036     3.5688         23    34.5595    34.5538 0.0000e+00
      21264    885.969    712.000     6.4924     6.4939  34.737888  34.734169     0.1006     0.1037     3.5679         30    34.5593    34.5538 0.0000e+00
      21308    887.776    713.000     6.4916     6.4930  34.737400  34.733730     0.1022     0.1036     3.5664         54    34.5592    34.5536 0.0000e+00
      21350    889.552    714.000     6.4840     6.4856  34.730595  34.726871     0.1012     0.1045     3.5648         28    34.5587    34.5530 0.0000e+00
      21372    890.466    715.000     6.4780     6.4796  34.725670  34.722027     0.1017     0.1020     3.5640         19    34.5589    34.5533 0.0000e+00
      21390    891.192    716.000     6.4755     6.4771  34.723675  34.719856     0.1019     0.1036     3.5626         16    34.5587    34.5529 0.0000e+00
      21405    891.848    717.000     6.4697     6.4713  34.718433  34.714672     0.1019     0.1038     3.5617         16    34.5582    34.5524 0.0000e+00
      21421    892.489    718.000     6.4634     6.4651  34.712780  34.708935     0.1012     0.1031     3.5616         15    34.5578    34.5519 0.0000e+00
      21437    893.180    719.000     6.4536     6.4552  34.703682  34.700073     0.1030     0.1039     3.5605         18    34.5571    34.5514 0.0000e+00
      21459    894.092    720.000     6.4329     6.4348  34.684284  34.680584     0.1025     0.1025     3.5597         28    34.5559    34.5499 0.0000e+00
      21505    896.011    721.000     6.3793     6.3813  34.634106  34.630341     0.1013     0.1038     3.5580         61    34.5537    34.5475 0.0000e+00
      21553    898.008    722.000     6.3288     6.3303  34.587837  34.583958     0.1018     0.1035     3.5564         31    34.5526    34.5468 0.0000e+00
      21579    899.074    723.000     6.3018     6.3036  34.562553  34.558632     0.1035     0.1014     3.5554         23    34.5513    34.5451 0.0000e+00
