testfiles/govdocs/433/433858.txt
* Sea-Bird SBE 9 Data File:
* FileName = C:\CTDDATA\KA70301.dat
* Software Version Seasave Win32 V 5.30b
* Temperature SN = 2126
* Conductivity SN = 0524
* Number of Bytes Per Scan = 30
* Number of Voltage Words = 4
* Number of Scans Averaged by the Deck Unit = 1
** Nominal Latitude: .5N
** Nominal Longitude: 180W
# nquan = 14                                
# nvalues = 2000                        
# units = specified
# name 0 = scan: Scan Count
# name 1 = timeS: Time, Elapsed [seconds]
# name 2 = prDM: Pressure, Digiquartz [db]
# name 3 = t068C: Temperature [ITS-68, deg C]
# name 4 = t168C: Temperature, 2 [ITS-68, deg C]
# name 5 = c0mS/cm: Conductivity [mS/cm]
# name 6 = c1mS/cm: Conductivity, 2 [mS/cm]
# name 7 = v0: Voltage 0
# name 8 = v1: Voltage 1
# name 9 = v2: Voltage 2
# name 10 = nbin: number of scans per bin
# name 11 = sal00: Salinity [PSU]
# name 12 = sal11: Salinity, 2 [PSU]
# name 13 = flag: flag
# span 0 =       -303,      59232       
# span 1 =    -12.673,   2467.953       
# span 2 =      1.000,   1001.000       
# span 3 =     4.6170,    30.5874       
# span 4 =     4.6145,    30.5899       
# span 5 =  33.167820,  58.751331       
# span 6 =  33.160183,  58.732841       
# span 7 =     0.0835,     0.1285       
# span 8 =     0.0857,     0.2815       
# span 9 =     2.1929,     3.9181       
# span 10 =          5,         75      
# span 11 =    34.2986,    35.4772      
# span 12 =    34.2799,    35.4729      
# span 13 = 0.0000e+00, 0.0000e+00      
# interval = decibars: 1                
# start_time = Nov 20 2006 01:38:49
# bad_flag = -9.990e-29
*END*
[from data line 1962]
      57946   2414.385     38.000    30.5703    30.5681  58.161385  58.141663     0.1002     0.1136     3.6146         17    34.4557    34.4441 0.0000e+00
      57962   2415.059     37.000    30.5738    30.5735  58.160908  58.138493     0.1013     0.1136     3.6141         16    34.4532    34.4384 0.0000e+00
      57979   2415.751     36.000    30.5762    30.5745  58.160877  58.137554     0.0999     0.1124     3.6138         17    34.4517    34.4374 0.0000e+00
      57998   2416.549     35.000    30.5768    30.5758  58.157139  58.135128     0.1014     0.1103     3.6125         22    34.4491    34.4351 0.0000e+00
      58034   2418.062     34.000    30.5660    30.5735  58.118561  58.123577     0.1019     0.1117     3.6117         41    34.4312    34.4293 0.0000e+00
      58093   2420.509     33.000    30.5452    30.5573  58.062752  58.072735     0.1020     0.1118     3.6098         30    34.4089    34.4070 0.0000e+00
      58112   2421.301     32.000    30.5394    30.5440  58.046928  58.032650     0.1013     0.1132     3.6085         16    34.4027    34.3900 0.0000e+00
      58127   2421.923     31.000    30.5364    30.5402  58.036575  58.020786     0.1014     0.1099     3.6084         15    34.3982    34.3850 0.0000e+00
      58141   2422.503     30.000    30.5330    30.5357  58.023918  58.005939     0.1013     0.1099     3.6076         14    34.3924    34.3785 0.0000e+00
      58156   2423.107     29.000    30.5250    30.5299  58.002907  57.989021     0.1004     0.1099     3.6069         15    34.3843    34.3716 0.0000e+00
      58172   2423.804     28.000    30.5194    30.5219  57.988117  57.968712     0.1012     0.1111     3.6060         19    34.3786    34.3639 0.0000e+00
      58195   2424.768     27.000    30.5120    30.5171  57.971420  57.957882     0.1018     0.1109     3.6045         31    34.3729    34.3603 0.0000e+00
      58230   2426.221     26.000    30.5010    30.5101  57.950047  57.943398     0.1024     0.1099     3.6023         33    34.3667    34.3559 0.0000e+00
      58262   2427.525     25.000    30.4867    30.5013  57.921322  57.922928     0.1026     0.1071     3.6022         31    34.3579    34.3487 0.0000e+00
      58297   2428.991     24.000    30.4743    30.4838  57.896248  57.888271     0.1012     0.1068     3.6002         41    34.3501    34.3381 0.0000e+00
      58347   2431.068     23.000    30.4657    30.4705  57.880344  57.864204     0.1012     0.1067     3.5980         52    34.3458    34.3316 0.0000e+00
      58386   2432.715     22.000    30.4609    30.4657  57.870472  57.853020     0.1003     0.1058     3.5953         28    34.3428    34.3278 0.0000e+00
      58408   2433.636     21.000    30.4587    30.4613  57.864998  57.843906     0.1014     0.1055     3.5946         19    34.3410    34.3251 0.0000e+00
      58428   2434.440     20.000    30.4563    30.4587  57.859055  57.838074     0.1026     0.1065     3.5935         20    34.3390    34.3233 0.0000e+00
      58448   2435.296     19.000    30.4562    30.4570  57.855907  57.833096     0.1028     0.1073     3.5924         22    34.3372    34.3214 0.0000e+00
      58473   2436.339     18.000    30.4543    30.4556  57.849884  57.828613     0.1004     0.1063     3.5909         29    34.3349    34.3197 0.0000e+00
      58519   2438.235     17.000    30.4517    30.4519  57.841431  57.819397     0.1007     0.1060     3.5882         42    34.3313    34.3164 0.0000e+00
      58588   2441.134     16.000    30.4487    30.4505  57.830845  57.810127     0.0996     0.1061     3.5847         40    34.3266    34.3115 0.0000e+00
      58615   2442.260     15.000    30.4473    30.4482  57.826679  57.802639     0.1003     0.1060     3.5834         23    34.3251    34.3084 0.0000e+00
      58637   2443.173     14.000    30.4467    30.4473  57.823803  57.799137     0.1019     0.1051     3.5811         22    34.3239    34.3069 0.0000e+00
      58661   2444.152     13.000    30.4501    30.4487  57.825756  57.798756     0.1016     0.1034     3.5806         26    34.3231    34.3060 0.0000e+00
      58692   2445.462     12.000    30.4589    30.4560  57.832901  57.804577     0.1008     0.1035     3.5793         37    34.3219    34.3050 0.0000e+00
      58735   2447.248     11.000    30.4675    30.4611  57.840614  57.808502     0.1016     0.1034     3.5769         47    34.3213    34.3043 0.0000e+00
      58784   2449.278     10.000    30.4746    30.4710  57.844803  57.816399     0.1016     0.1042     3.5739         46    34.3194    34.3029 0.0000e+00
      58830   2451.188      9.000    30.4833    30.4800  57.845589  57.818718     0.1015     0.1031     3.5719         48    34.3141    34.2984 0.0000e+00
      58886   2453.531      8.000    30.4991    30.4893  57.851673  57.820454     0.1009     0.1031     3.5686         54    34.3073    34.2933 0.0000e+00
      58927   2455.247      7.000    30.5061    30.5005  57.855690  57.826435     0.1018     0.1048     3.5658         31    34.3053    34.2897 0.0000e+00
      58957   2456.481      6.000    30.5123    30.5073  57.858887  57.829659     0.1005     0.1036     3.5639         34    34.3033    34.2874 0.0000e+00
      59008   2458.608      5.000    30.5157    30.5123  57.860424  57.830532     0.1013     0.1032     3.5600         66    34.3023    34.2847 0.0000e+00
      59068   2461.126      4.000    30.5161    30.5142  57.860378  57.831501     0.1004     0.1034     3.5558         51    34.3023    34.2843 0.0000e+00
      59115   2463.074      3.000    30.5097    30.5125  57.850121  57.826710     0.1013     0.1038     3.5519         43    34.3001    34.2826 0.0000e+00
      59163   2465.094      2.000    30.5046    30.5034  57.842022  57.814037     0.1013     0.1038     3.5487         52    34.2986    34.2807 0.0000e+00
      59232   2467.953      1.000    30.5050    30.5048  57.842197  57.813808     0.0991     0.1039     3.5440         55    34.2987    34.2799 0.0000e+00
