testfiles/govdocs/439/439183.txt
* Sea-Bird SBE 25 Data File:
* FileName = \CBDATA\PROFILE\EEGLE04\427ln40.HEX
* Software Version 4.244
* Temperature SN = 673
* Conductivity SN = 744
* System UpLoad Time = Apr 27 2000 18:03:04
** Ship: R/V Neeskay  
** cruise:  EEGLE APRIL ROV Cruise  
** Station:    4/27/00 ln40
** Latitude:   
** Longitude:  
# nquan = 10
# nvalues = 81                          
# units = metric
# name 0 = depF: depth, fresh water [m]
# name 1 = t068: temperature, IPTS-68 [deg C]
# name 2 = sal: salinity, PSS-78 [PSU]
# name 3 = specc: specific conductance [ÊS/cm]
# name 4 = oxMm/Kg: oxygen [Êmol/kg]
# name 5 = par: irradiance (PAR)
# name 6 = xmiss: transmissometer
# name 7 = flS: fluorometer, sea tech
# name 8 = flag:  0.000e+00
# name 9 = nbin: number of scans per bin
# span 0 = 0.500, 40.500                
# span 1 = 4.2197, 5.0213               
# span 2 = 0.1318, 0.1323               
# span 3 = 289.659, 290.733             
# span 4 = 386.42425, 444.28533         
# span 5 = 1.438e-01, 1.074e+03         
# span 6 = 17.1818, 60.9195             
# span 7 = 3.429e-02, 1.195e-01         
# span 8 = 0.000e+00, 0.000e+00         
# span 9 = 22.0000, 56.0000             
# interval = meters: 0.5                                
# start_time = Oct 15 2000 13:39:00
# bad_flag = -9.990e-29
*END*
      0.500     5.0213     0.1322    289.659  425.81944  1.074e+03    17.1818  3.797e-02  0.000e+00    30.0000
      1.000     5.0136     0.1322    289.780  406.81485  9.777e+02    17.7012  3.436e-02  0.000e+00    32.0000
      1.500     5.0013     0.1322    289.742  386.65215  8.436e+02    18.3788  3.518e-02  0.000e+00    30.0000
      2.000     5.0084     0.1322    289.703  386.42425  7.297e+02    20.5773  3.642e-02  0.000e+00    28.0000
      2.500     5.0103     0.1322    289.692  401.22428  6.448e+02    22.3490  3.645e-02  0.000e+00    31.0000
      3.000     5.0075     0.1322    289.693  411.66627  5.761e+02    23.6889  3.429e-02  0.000e+00    29.0000
      3.500     4.9923     0.1322    289.774  419.73475  5.023e+02    25.0335  3.907e-02  0.000e+00    27.0000
      4.000     4.9786     0.1322    289.786  424.52774  4.431e+02    26.1459  3.908e-02  0.000e+00    35.0000
      4.500     4.9423     0.1323    290.052  428.99681  3.848e+02    27.6511  3.813e-02  0.000e+00    27.0000
      5.000     4.9094     0.1322    289.874  431.85847  3.420e+02    28.8166  4.116e-02  0.000e+00    33.0000
      5.500     4.9102     0.1322    289.837  433.50061  3.061e+02    29.9508  3.978e-02  0.000e+00    36.0000
      6.000     4.8773     0.1322    290.051  435.09950  2.643e+02    31.6174  4.377e-02  0.000e+00    41.0000
      6.500     4.8458     0.1322    289.951  436.26721  2.295e+02    33.2704  4.272e-02  0.000e+00    39.0000
      7.000     4.8040     0.1322    290.024  437.60848  2.067e+02    34.4704  4.564e-02  0.000e+00    42.0000
      7.500     4.7477     0.1322    290.145  438.67516  1.798e+02    35.7899  4.427e-02  0.000e+00    42.0000
      8.000     4.7317     0.1321    290.087  438.94582  1.601e+02    39.2199  5.859e-02  0.000e+00    33.0000
      8.500     4.7160     0.1321    290.089  439.72631  1.427e+02    40.2081  5.147e-02  0.000e+00    34.0000
      9.000     4.7105     0.1321    290.066  439.91140  1.252e+02    40.9511  5.522e-02  0.000e+00    40.0000
      9.500     4.6841     0.1321    290.135  440.47705  1.116e+02    41.7408  6.069e-02  0.000e+00    46.0000
     10.000     4.6796     0.1321    290.151  440.40061  9.950e+01    42.1171  4.857e-02  0.000e+00    37.0000
     10.500     4.6774     0.1321    290.098  440.87854  8.801e+01    42.5987  6.041e-02  0.000e+00    44.0000
     11.000     4.6794     0.1321    290.097  440.96883  7.894e+01    43.0524  5.135e-02  0.000e+00    36.0000
     11.500     4.6393     0.1321    290.237  441.86308  7.073e+01    43.3614  4.641e-02  0.000e+00    38.0000
     12.000     4.5914     0.1320    290.270  442.46561  6.274e+01    43.8396  5.984e-02  0.000e+00    49.0000
     12.500     4.5745     0.1320    290.212  442.30665  5.617e+01    44.2484  5.921e-02  0.000e+00    35.0000
     13.000     4.5553     0.1320    290.285  442.65337  5.068e+01    44.4709  6.728e-02  0.000e+00    34.0000
     13.500     4.5577     0.1320    290.209  442.51324  4.498e+01    44.9353  7.775e-02  0.000e+00    46.0000
     14.000     4.5385     0.1320    290.311  442.88281  4.037e+01    45.2888  6.727e-02  0.000e+00    28.0000
     14.500     4.5163     0.1320    290.301  442.83122  3.645e+01    45.6190  7.646e-02  0.000e+00    46.0000
     15.000     4.5050     0.1320    290.322  443.06458  3.271e+01    45.9842  8.522e-02  0.000e+00    40.0000
     15.500     4.4794     0.1320    290.359  443.26211  2.917e+01    46.2724  6.294e-02  0.000e+00    35.0000
     16.000     4.4479     0.1320    290.365  443.47906  2.600e+01    46.5888  8.152e-02  0.000e+00    35.0000
     16.500     4.4413     0.1319    290.269  443.78893  2.333e+01    47.2727  7.722e-02  0.000e+00    42.0000
     17.000     4.4274     0.1319    290.413  443.25774  2.068e+01    50.3293  8.013e-02  0.000e+00    39.0000
     17.500     4.4105     0.1319    290.427  443.62551  1.872e+01    50.9928  9.236e-02  0.000e+00    37.0000
     18.000     4.4080     0.1319    290.377  443.31205  1.677e+01    51.3773  6.691e-02  0.000e+00    45.0000
     18.500     4.3362     0.1319    290.597  444.28533  1.491e+01    51.8739  7.332e-02  0.000e+00    35.0000
     19.000     4.3233     0.1319    290.510  444.02315  1.340e+01    52.3615  1.195e-01  0.000e+00    34.0000
     19.500     4.3295     0.1319    290.523  443.26637  1.200e+01    52.7373  6.762e-02  0.000e+00    41.0000
     20.000     4.3214     0.1319    290.497  443.32006  1.049e+01    53.1183  8.538e-02  0.000e+00    51.0000
     20.500     4.3149     0.1319    290.508  443.10170  9.546e+00    53.4499  8.452e-02  0.000e+00    33.0000
     21.000     4.3034     0.1319    290.522  443.12159  8.636e+00    53.7071  6.833e-02  0.000e+00    40.0000
     21.500     4.2968     0.1319    290.543  442.52460  7.639e+00    53.9384  7.610e-02  0.000e+00    44.0000
     22.000     4.2719     0.1319    290.594  443.05469  6.870e+00    54.1947  7.819e-02  0.000e+00    38.0000
     22.500     4.2555     0.1318    290.587  442.74864  6.194e+00    54.5818  7.148e-02  0.000e+00    49.0000
     23.000     4.2463     0.1319    290.625  442.30958  5.478e+00    55.1082  8.422e-02  0.000e+00    35.0000
     23.500     4.2475     0.1318    290.613  441.98910  4.923e+00    55.1437  8.773e-02  0.000e+00    40.0000
     24.000     4.2470     0.1319    290.621  442.03012  4.432e+00    55.2381  8.041e-02  0.000e+00    36.0000
     24.500     4.2468     0.1318    290.613  441.54206  3.943e+00    55.2780  7.969e-02  0.000e+00    42.0000
     25.000     4.2470     0.1319    290.625  441.51102  3.540e+00    55.5875  7.468e-02  0.000e+00    48.0000
     25.500     4.2435     0.1318    290.630  441.60327  3.216e+00    55.7946  7.542e-02  0.000e+00    37.0000
     26.000     4.2432     0.1319    290.640  441.17674  2.835e+00    56.0916  8.466e-02  0.000e+00    38.0000
     26.500     4.2455     0.1318    290.636  441.08069  2.575e+00    56.2284  9.728e-02  0.000e+00    36.0000
     27.000     4.2436     0.1318    290.626  441.13506  2.317e+00    56.4438  9.004e-02  0.000e+00    38.0000
     27.500     4.2399     0.1318    290.644  440.93488  2.069e+00    56.6313  6.047e-02  0.000e+00    51.0000
     28.000     4.2401     0.1318    290.619  440.85695  1.861e+00    56.7891  5.490e-02  0.000e+00    40.0000
     28.500     4.2418     0.1318    290.639  440.81995  1.670e+00    57.0321  6.612e-02  0.000e+00    39.0000
     29.000     4.2418     0.1318    290.642  440.35581  1.492e+00    57.1924  7.333e-02  0.000e+00    39.0000
     29.500     4.2405     0.1319    290.649  440.49788  1.339e+00    57.3051  6.437e-02  0.000e+00    35.0000
     30.000     4.2384     0.1319    290.670  440.52793  1.202e+00    57.5007  6.832e-02  0.000e+00    51.0000
     30.500     4.2354     0.1318    290.669  440.36540  1.074e+00    57.7232  7.095e-02  0.000e+00    42.0000
     31.000     4.2347     0.1318    290.652  440.55291  9.670e-01    58.5931  5.863e-02  0.000e+00    41.0000
     31.500     4.2348     0.1318    290.665  440.03891  8.680e-01    59.4385  6.253e-02  0.000e+00    42.0000
     32.000     4.2345     0.1318    290.638  440.19546  7.797e-01    59.4968  7.625e-02  0.000e+00    48.0000
     32.500     4.2339     0.1318    290.685  439.84366  7.004e-01    59.6873  6.234e-02  0.000e+00    28.0000
     33.000     4.2337     0.1318    290.672  440.08717  6.343e-01    59.5545  8.418e-02  0.000e+00    51.0000
     33.500     4.2288     0.1318    290.680  440.06509  5.715e-01    59.7437  6.675e-02  0.000e+00    42.0000
     34.000     4.2230     0.1318    290.689  439.95414  5.128e-01    59.8161  8.063e-02  0.000e+00    42.0000
     34.500     4.2224     0.1318    290.684  439.69194  4.659e-01    59.8900  7.348e-02  0.000e+00    33.0000
     35.000     4.2222     0.1318    290.680  439.70470  4.195e-01    60.0173  7.618e-02  0.000e+00    44.0000
     35.500     4.2229     0.1318    290.697  439.50905  3.768e-01    60.0312  7.756e-02  0.000e+00    44.0000
     36.000     4.2228     0.1318    290.689  439.42412  3.426e-01    60.2099  5.253e-02  0.000e+00    43.0000
     36.500     4.2227     0.1318    290.694  439.44929  3.094e-01    60.2996  7.485e-02  0.000e+00    43.0000
     37.000     4.2226     0.1318    290.683  439.04248  2.796e-01    60.2468  7.020e-02  0.000e+00    33.0000
     37.500     4.2228     0.1318    290.716  439.17603  2.518e-01    60.4767  5.627e-02  0.000e+00    40.0000
     38.000     4.2225     0.1318    290.670  439.12202  2.310e-01    60.6887  5.446e-02  0.000e+00    56.0000
     38.500     4.2225     0.1318    290.705  439.15591  2.081e-01    60.7839  5.301e-02  0.000e+00    33.0000
     39.000     4.2219     0.1318    290.719  438.60849  1.913e-01    60.8480  6.075e-02  0.000e+00    36.0000
     39.500     4.2219     0.1318    290.703  438.53665  1.750e-01    60.8178  5.791e-02  0.000e+00    36.0000
     40.000     4.2215     0.1318    290.732  438.34653  1.588e-01    60.8713  6.617e-02  0.000e+00    44.0000
     40.500     4.2197     0.1318    290.733  438.21608  1.438e-01    60.9195  7.994e-02  0.000e+00    22.0000
