testfiles/govdocs/439/439405.txt
* Sea-Bird SBE 9 Raw Data File:
* FileName = C:\CRUISE\OC320\CAST41.DAT
* Software Version 4.222
* Temperature SN = 2265
* Conductivity SN = 1859
* Number of Bytes Per Scan = 27
* Number of Voltage Words = 5
* System UpLoad Time = Apr 02 1998 21:37:32
* NMEA Latitude = 43 37.56 N
* NMEA Longitude = 069 57.17 W
* NMEA UTC (Time) = 02:39:31
** R/V OCEANUS cast41
** OC320  
** Station # cast41
** Outer station, westernmost line of Casco Bay survey
# nquan = 13
# nvalues = 209                         
# units = metric
# name 0 = pr: pressure [db]
# name 1 = t068: temperature, IPTS-68 [deg C]
# name 2 = c0mS/cm: conductivity [mS/cm]
# name 3 = v1: voltage, number  1 [V]
# name 4 = v2: voltage, number  2 [V]
# name 5 = v4: voltage, number  4 [V]
# name 6 = v6: voltage, number  6 [V]
# name 7 = scan: scan number
# name 8 = timeS: time [s]
# name 9 = sal00: salinity, PSS-78 [PSU]
# name 10 = potemp090: potential temperature, ITS-90 [deg C]
# name 11 = flag:  0.000e+00
# name 12 = nbin: number of scans per bin
# span 0 = 1.000, 53.000                          
# span 1 = 3.0198, 4.4047                         
# span 2 = 2.259234, 28.675255                    
# span 3 = 0.190, 0.766                           
# span 4 = 0.872, 4.561                           
# span 5 = -0.001, 0.817                          
# span 6 = 0.000, 1.839                           
# span 7 = 557, 6841                              
# span 8 = 23.167, 284.998                        
# span 9 = 1.9528, 31.3185                        
# span 10 = 3.0171, 4.4036                        
# span 11 = 0.000e+00, 0.000e+00                  
# span 12 = 13.0000, 55.0000                      
# interval = decibars: 0.5                              
# start_time = Apr 02 1998 21:37:32
# bad_flag = -9.990e-29
*END*
      1.000     4.4047   2.259234      0.190      2.024      0.817      1.839        557     23.167     1.9528     4.4036  0.000e+00    23.0000
      1.500     4.2459  15.835401      0.328      2.062      0.520      1.583       1014     42.202    15.7750     4.2448  0.000e+00    27.0000
      2.000     4.2587  25.234398      0.632      3.188      0.268      1.328       1031     42.926    26.2198     4.2576  0.000e+00    23.0000
      2.500     4.2249  26.009463      0.662      3.687      0.040      1.055       1061     44.165    27.1334     4.2237  0.000e+00    27.0000
      3.000     4.2182  26.226507      0.708      3.760     -0.001      0.659       1231     51.259    27.3878     4.2170  0.000e+00    39.0000
      3.500     4.1459  26.710258      0.686      3.886      0.000      0.407       2396     99.787    28.0052     4.1447  0.000e+00    55.0000
      4.000     4.1108  27.063801      0.766      3.980      0.000      0.182       2650    110.382    28.4435     4.1096  0.000e+00    25.0000
      4.500     4.0955  27.214358      0.713      3.977      0.000      0.125       2659    110.754    28.6308     4.0943  0.000e+00    16.0000
      5.000     4.0801  27.248959      0.658      4.010      0.000      0.066       2675    111.413    28.6841     4.0788  0.000e+00    15.0000
      5.500     3.9925  27.914469      0.664      4.017      0.000      0.004       2690    112.035    29.5352     3.9912  0.000e+00    15.0000
      6.000     3.9250  28.184319      0.655      4.025      0.000      0.000       2706    112.709    29.9114     3.9237  0.000e+00    17.0000
      6.500     3.9245  28.195194      0.606      4.196      0.000      0.000       2723    113.432    29.9243     3.9232  0.000e+00    18.0000
      7.000     3.7480  28.383895      0.628      4.119      0.000      0.000       2742    114.199    30.3083     3.7467  0.000e+00    19.0000
      7.500     3.7164  28.384593      0.581      4.348      0.000      0.000       2761    114.984    30.3382     3.7151  0.000e+00    18.0000
      8.000     3.7100  28.384120      0.515      4.415      0.000      0.000       2779    115.747    30.3434     3.7086  0.000e+00    19.0000
      8.500     3.7116  28.392932      0.476      4.428      0.000      0.000       2797    116.488    30.3520     3.7102  0.000e+00    17.0000
      9.000     3.7038  28.391988      0.479      4.431      0.000      0.000       2814    117.189    30.3579     3.7024  0.000e+00    16.0000
      9.500     3.6919  28.392187      0.518      4.432      0.000      0.000       2830    117.865    30.3690     3.6905  0.000e+00    16.0000
     10.000     3.6058  28.420968      0.490      4.431      0.000      0.000       2845    118.516    30.4832     3.6044  0.000e+00    16.0000
     10.500     3.5615  28.439563      0.468      4.443      0.000      0.000       2861    119.161    30.5465     3.5600  0.000e+00    15.0000
     11.000     3.5571  28.440383      0.442      4.455      0.000      0.000       2876    119.797    30.5514     3.5556  0.000e+00    16.0000
     11.500     3.5717  28.458262      0.426      4.458      0.000      0.000       2892    120.465    30.5586     3.5702  0.000e+00    16.0000
     12.000     3.5810  28.466879      0.415      4.465      0.000      0.000       2909    121.172    30.5598     3.5794  0.000e+00    17.0000
     12.500     3.6070  28.502943      0.409      4.468      0.000      0.000       2927    121.922    30.5778     3.6054  0.000e+00    19.0000
     13.000     3.6141  28.541192      0.412      4.476      0.000      0.000       2946    122.697    30.6161     3.6125  0.000e+00    19.0000
     13.500     3.5999  28.534022      0.414      4.489      0.000      0.000       2964    123.464    30.6208     3.5983  0.000e+00    18.0000
     14.000     3.5919  28.530401      0.399      4.490      0.000      0.000       2982    124.212    30.6238     3.5902  0.000e+00    17.0000
     14.500     3.5927  28.535737      0.394      4.489      0.000      0.000       3000    124.943    30.6291     3.5910  0.000e+00    18.0000
     15.000     3.5859  28.534224      0.401      4.493      0.000      0.000       3017    125.646    30.6334     3.5842  0.000e+00    16.0000
     15.500     3.5715  28.526119      0.418      4.495      0.000      0.000       3033    126.324    30.6371     3.5697  0.000e+00    16.0000
     16.000     3.5698  28.528010      0.453      4.493      0.000      0.000       3048    126.975    30.6407     3.5680  0.000e+00    16.0000
     16.500     3.5815  28.542888      0.429      4.492      0.000      0.000       3064    127.626    30.6471     3.5797  0.000e+00    15.0000
     17.000     3.5841  28.548357      0.440      4.492      0.000      0.000       3080    128.283    30.6509     3.5823  0.000e+00    16.0000
     17.500     3.5846  28.551434      0.428      4.496      0.000      0.000       3096    128.956    30.6538     3.5827  0.000e+00    17.0000
     18.000     3.5641  28.538267      0.421      4.493      0.000      0.000       3112    129.646    30.6573     3.5622  0.000e+00    16.0000
     18.500     3.5707  28.551781      0.429      4.497      0.000      0.000       3129    130.348    30.6668     3.5688  0.000e+00    17.0000
     19.000     3.5804  28.567971      0.422      4.498      0.000      0.000       3147    131.070    30.6766     3.5784  0.000e+00    18.0000
     19.500     3.5838  28.574112      0.420      4.499      0.000      0.000       3164    131.806    30.6804     3.5818  0.000e+00    18.0000
     20.000     3.5937  28.585577      0.425      4.499      0.000      0.000       3182    132.544    30.6844     3.5917  0.000e+00    17.0000
     20.500     3.6049  28.605873      0.421      4.502      0.000      0.000       3199    133.268    30.6976     3.6028  0.000e+00    17.0000
     21.000     3.5865  28.604913      0.418      4.499      0.000      0.000       3217    133.982    30.7136     3.5844  0.000e+00    18.0000
     21.500     3.5693  28.601243      0.405      4.499      0.000      0.000       3234    134.702    30.7252     3.5672  0.000e+00    17.0000
     22.000     3.5592  28.604765      0.415      4.498      0.000      0.000       3251    135.409    30.7387     3.5571  0.000e+00    16.0000
     22.500     3.5469  28.600647      0.472      4.500      0.000      0.000       3267    136.073    30.7452     3.5447  0.000e+00    16.0000
     23.000     3.5251  28.592676      0.469      4.500      0.000      0.000       3281    136.674    30.7561     3.5229  0.000e+00    14.0000
     23.500     3.4983  28.577305      0.445      4.496      0.000      0.000       3295    137.253    30.7630     3.4961  0.000e+00    14.0000
     24.000     3.4787  28.568936      0.430      4.498      0.000      0.000       3309    137.848    30.7714     3.4765  0.000e+00    14.0000
     24.500     3.4516  28.560247      0.422      4.497      0.000      0.000       3325    138.512    30.7865     3.4494  0.000e+00    18.0000
     25.000     3.4005  28.538114      0.472      4.497      0.000      0.000       3345    139.338    30.8084     3.3983  0.000e+00    22.0000
     25.500     3.3359  28.518120      0.463      4.494      0.000      0.000       3368    140.275    30.8458     3.3337  0.000e+00    22.0000
     26.000     3.2952  28.506274      0.433      4.493      0.000      0.000       3388    141.106    30.8702     3.2929  0.000e+00    18.0000
     26.500     3.2258  28.492201      0.409      4.495      0.000      0.000       3403    141.763    30.9194     3.2236  0.000e+00    14.0000
     27.000     3.1617  28.490058      0.392      4.489      0.000      0.000       3417    142.337    30.9779     3.1595  0.000e+00    13.0000
     27.500     3.0691  28.533878      0.390      4.494      0.000      0.000       3430    142.892    31.1194     3.0669  0.000e+00    14.0000
     28.000     3.0569  28.550144      0.360      4.505      0.000      0.000       3444    143.479    31.1505     3.0546  0.000e+00    15.0000
     28.500     3.0516  28.554552      0.333      4.514      0.000      0.000       3461    144.146    31.1607     3.0493  0.000e+00    17.0000
     29.000     3.0497  28.556797      0.307      4.521      0.000      0.000       3479    144.910    31.1649     3.0474  0.000e+00    19.0000
     29.500     3.0490  28.558770      0.309      4.523      0.000      0.000       3498    145.708    31.1677     3.0467  0.000e+00    19.0000
     30.000     3.0487  28.562464      0.317      4.525      0.000      0.000       3516    146.460    31.1722     3.0463  0.000e+00    17.0000
     30.500     3.0470  28.573126      0.297      4.522      0.000      0.000       3533    147.156    31.1864     3.0446  0.000e+00    16.0000
     31.000     3.0420  28.584973      0.290      4.528      0.000      0.000       3549    147.832    31.2053     3.0396  0.000e+00    17.0000
     31.500     3.0382  28.591177      0.292      4.530      0.000      0.000       3565    148.501    31.2162     3.0357  0.000e+00    16.0000
     32.000     3.0332  28.597050      0.280      4.536      0.000      0.000       3581    149.177    31.2278     3.0307  0.000e+00    16.0000
     32.500     3.0271  28.610834      0.269      4.538      0.000      0.000       3598    149.869    31.2501     3.0246  0.000e+00    17.0000
     33.000     3.0265  28.621368      0.267      4.539      0.000      0.000       3615    150.563    31.2631     3.0240  0.000e+00    16.0000
     33.500     3.0257  28.627059      0.264      4.541      0.000      0.000       3631    151.260    31.2705     3.0231  0.000e+00    17.0000
     34.000     3.0239  28.633859      0.257      4.544      0.000      0.000       3648    151.938    31.2802     3.0213  0.000e+00    16.0000
     34.500     3.0237  28.636261      0.263      4.547      0.000      0.000       3663    152.591    31.2830     3.0211  0.000e+00    15.0000
     35.000     3.0232  28.637817      0.255      4.545      0.000      0.000       3679    153.242    31.2851     3.0206  0.000e+00    16.0000
     35.500     3.0221  28.640707      0.251      4.549      0.000      0.000       3695    153.921    31.2894     3.0194  0.000e+00    17.0000
     36.000     3.0200  28.644865      0.248      4.549      0.000      0.000       3713    154.663    31.2962     3.0173  0.000e+00    19.0000
     36.500     3.0198  28.646205      0.255      4.551      0.000      0.000       3732    155.476    31.2978     3.0171  0.000e+00    20.0000
     37.000     3.0208  28.648236      0.252      4.549      0.000      0.000       3752    156.276    31.2990     3.0181  0.000e+00    18.0000
     37.500     3.0208  28.648603      0.254      4.552      0.000      0.000       3769    156.991    31.2992     3.0180  0.000e+00    16.0000
     38.000     3.0207  28.648682      0.248      4.549      0.000      0.000       3784    157.633    31.2991     3.0179  0.000e+00    15.0000
     38.500     3.0210  28.649878      0.243      4.549      0.000      0.000       3799    158.230    31.3000     3.0182  0.000e+00    14.0000
     39.000     3.0210  28.649738      0.247      4.547      0.000      0.000       3813    158.819    31.2996     3.0181  0.000e+00    14.0000
     39.500     3.0210  28.649849      0.259      4.550      0.000      0.000       3828    159.443    31.2994     3.0181  0.000e+00    16.0000
     40.000     3.0211  28.650382      0.277      4.550      0.000      0.000       3845    160.152    31.2997     3.0182  0.000e+00    19.0000
     40.500     3.0215  28.651522      0.275      4.551      0.000      0.000       3864    160.973    31.3005     3.0186  0.000e+00    20.0000
     41.000     3.0228  28.655502      0.257      4.547      0.000      0.000       3885    161.827    31.3037     3.0198  0.000e+00    20.0000
     41.500     3.0232  28.657401      0.251      4.548      0.000      0.000       3903    162.570    31.3054     3.0202  0.000e+00    16.0000
     42.000     3.0232  28.658238      0.249      4.550      0.000      0.000       3918    163.197    31.3061     3.0202  0.000e+00    14.0000
     42.500     3.0231  28.659379      0.254      4.549      0.000      0.000       3932    163.782    31.3073     3.0200  0.000e+00    14.0000
     43.000     3.0229  28.660797      0.250      4.550      0.000      0.000       3946    164.383    31.3090     3.0198  0.000e+00    15.0000
     43.500     3.0229  28.663028      0.245      4.546      0.000      0.000       3962    165.057    31.3114     3.0198  0.000e+00    18.0000
     44.000     3.0232  28.664673      0.240      4.550      0.000      0.000       3982    165.859    31.3128     3.0201  0.000e+00    20.0000
     44.500     3.0236  28.666494      0.242      4.557      0.000      0.000       4002    166.715    31.3144     3.0204  0.000e+00    20.0000
     45.000     3.0234  28.666455      0.318      4.555      0.000      0.000       4021    167.490    31.3143     3.0202  0.000e+00    18.0000
     45.500     3.0235  28.666915      0.308      4.551      0.000      0.000       4037    168.152    31.3145     3.0203  0.000e+00    15.0000
     46.000     3.0244  28.667625      0.289      4.555      0.000      0.000       4051    168.756    31.3142     3.0212  0.000e+00    14.0000
     46.500     3.0247  28.667834      0.275      4.554      0.000      0.000       4066    169.356    31.3139     3.0214  0.000e+00    14.0000
     47.000     3.0248  28.667673      0.259      4.556      0.000      0.000       4081    169.995    31.3134     3.0215  0.000e+00    17.0000
     47.500     3.0250  28.668613      0.250      4.557      0.000      0.000       4099    170.729    31.3140     3.0217  0.000e+00    19.0000
     48.000     3.0251  28.668832      0.253      4.555      0.000      0.000       4119    171.570    31.3140     3.0217  0.000e+00    21.0000
     48.500     3.0250  28.668744      0.253      4.557      0.000      0.000       4139    172.411    31.3137     3.0216  0.000e+00    19.0000
     49.000     3.0249  28.668709      0.250      4.558      0.000      0.000       4157    173.167    31.3135     3.0215  0.000e+00    17.0000
     49.500     3.0251  28.669402      0.243      4.552      0.000      0.000       4173    173.851    31.3139     3.0217  0.000e+00    16.0000
     50.000     3.0254  28.670268      0.236      4.553      0.000      0.000       4190    174.533    31.3144     3.0219  0.000e+00    17.0000
     50.500     3.0255  28.670920      0.237      4.554      0.000      0.000       4207    175.251    31.3148     3.0220  0.000e+00    18.0000
     51.000     3.0255  28.672260      0.239      4.556      0.000      0.000       4225    176.018    31.3161     3.0220  0.000e+00    18.0000
     51.500     3.0257  28.672935      0.244      4.557      0.000      0.000       4244    176.793    31.3165     3.0221  0.000e+00    19.0000
     52.000     3.0257  28.674020      0.241      4.560      0.000      0.000       4262    177.536    31.3176     3.0221  0.000e+00    18.0000
     52.500     3.0259  28.675195      0.236      4.560      0.000      0.000       4283    178.400    31.3185     3.0223  0.000e+00    23.0000
     53.000     3.0258  28.675254      0.251      4.561      0.000      0.000       4385    182.655    31.3184     3.0222  0.000e+00    55.0000
     52.500     3.0250  28.672201      0.281      4.559      0.000      0.000       4472    186.302    31.3158     3.0214  0.000e+00    29.0000
     52.000     3.0252  28.672252      0.254      4.557      0.000      0.000       4497    187.316    31.3159     3.0216  0.000e+00    25.0000
     51.500     3.0246  28.671585      0.255      4.555      0.000      0.000       4518    188.221    31.3160     3.0210  0.000e+00    19.0000
     51.000     3.0246  28.671439      0.262      4.554      0.000      0.000       4536    188.974    31.3160     3.0211  0.000e+00    17.0000
     50.500     3.0240  28.670734      0.253      4.555      0.000      0.000       4553    189.671    31.3160     3.0205  0.000e+00    17.0000
     50.000     3.0235  28.670136      0.249      4.550      0.000      0.000       4570    190.382    31.3160     3.0200  0.000e+00    18.0000
