testfiles/govdocs/439/439405.txt
* Sea-Bird SBE 9 Raw Data File:
* FileName = C:\CRUISE\OC320\CAST41.DAT
* Software Version 4.222
* Temperature SN = 2265
* Conductivity SN = 1859
* Number of Bytes Per Scan = 27
* Number of Voltage Words = 5
* System UpLoad Time = Apr 02 1998 21:37:32
* NMEA Latitude = 43 37.56 N
* NMEA Longitude = 069 57.17 W
* NMEA UTC (Time) = 02:39:31
** R/V OCEANUS cast41
** OC320  
** Station # cast41
** Outer station, westernmost line of Casco Bay survey
# nquan = 13
# nvalues = 209                         
# units = metric
# name 0 = pr: pressure [db]
# name 1 = t068: temperature, IPTS-68 [deg C]
# name 2 = c0mS/cm: conductivity [mS/cm]
# name 3 = v1: voltage, number  1 [V]
# name 4 = v2: voltage, number  2 [V]
# name 5 = v4: voltage, number  4 [V]
# name 6 = v6: voltage, number  6 [V]
# name 7 = scan: scan number
# name 8 = timeS: time [s]
# name 9 = sal00: salinity, PSS-78 [PSU]
# name 10 = potemp090: potential temperature, ITS-90 [deg C]
# name 11 = flag:  0.000e+00
# name 12 = nbin: number of scans per bin
# span 0 = 1.000, 53.000                          
# span 1 = 3.0198, 4.4047                         
# span 2 = 2.259234, 28.675255                    
# span 3 = 0.190, 0.766                           
# span 4 = 0.872, 4.561                           
# span 5 = -0.001, 0.817                          
# span 6 = 0.000, 1.839                           
# span 7 = 557, 6841                              
# span 8 = 23.167, 284.998                        
# span 9 = 1.9528, 31.3185                        
# span 10 = 3.0171, 4.4036                        
# span 11 = 0.000e+00, 0.000e+00                  
# span 12 = 13.0000, 55.0000                      
# interval = decibars: 0.5                              
# start_time = Apr 02 1998 21:37:32
# bad_flag = -9.990e-29
*END*
[from data line 112]
     49.000     3.0228  28.668913      0.249      4.553      0.000      0.000       4611    192.086    31.3158     3.0194  0.000e+00    23.0000
     48.500     3.0230  28.668425      0.254      4.552      0.000      0.000       4634    193.062    31.3152     3.0196  0.000e+00    23.0000
     48.000     3.0232  28.668101      0.249      4.552      0.000      0.000       4656    193.952    31.3149     3.0198  0.000e+00    20.0000
     47.500     3.0234  28.668079      0.244      4.555      0.000      0.000       4675    194.731    31.3150     3.0201  0.000e+00    18.0000
     47.000     3.0234  28.667754      0.243      4.551      0.000      0.000       4692    195.442    31.3148     3.0201  0.000e+00    16.0000
     46.500     3.0231  28.667374      0.243      4.554      0.000      0.000       4708    196.107    31.3149     3.0198  0.000e+00    16.0000
     46.000     3.0234  28.667434      0.249      4.551      0.000      0.000       4723    196.764    31.3149     3.0202  0.000e+00    16.0000
     45.500     3.0228  28.666765      0.248      4.551      0.000      0.000       4740    197.451    31.3150     3.0196  0.000e+00    17.0000
     45.000     3.0226  28.666280      0.244      4.549      0.000      0.000       4759    198.232    31.3149     3.0194  0.000e+00    20.0000
     44.500     3.0227  28.665779      0.248      4.552      0.000      0.000       4780    199.142    31.3144     3.0195  0.000e+00    24.0000
     44.000     3.0227  28.665215      0.240      4.553      0.000      0.000       4804    200.106    31.3140     3.0196  0.000e+00    21.0000
     43.500     3.0226  28.664978      0.236      4.552      0.000      0.000       4823    200.922    31.3141     3.0195  0.000e+00    18.0000
     43.000     3.0229  28.664947      0.236      4.550      0.000      0.000       4840    201.605    31.3140     3.0198  0.000e+00    16.0000
     42.500     3.0233  28.665176      0.241      4.549      0.000      0.000       4854    202.228    31.3141     3.0202  0.000e+00    14.0000
     42.000     3.0229  28.664469      0.249      4.550      0.000      0.000       4869    202.852    31.3139     3.0199  0.000e+00    16.0000
     41.500     3.0229  28.664003      0.254      4.552      0.000      0.000       4885    203.498    31.3136     3.0199  0.000e+00    16.0000
     41.000     3.0229  28.663323      0.261      4.550      0.000      0.000       4902    204.204    31.3131     3.0199  0.000e+00    17.0000
     40.500     3.0230  28.661693      0.261      4.549      0.000      0.000       4920    204.978    31.3113     3.0201  0.000e+00    20.0000
     40.000     3.0232  28.658994      0.266      4.550      0.000      0.000       4941    205.830    31.3081     3.0203  0.000e+00    21.0000
     39.500     3.0231  28.656698      0.269      4.548      0.000      0.000       4962    206.691    31.3057     3.0202  0.000e+00    20.0000
     39.000     3.0231  28.653994      0.263      4.550      0.000      0.000       4982    207.523    31.3027     3.0202  0.000e+00    20.0000
     38.500     3.0230  28.651591      0.253      4.547      0.000      0.000       5001    208.324    31.3001     3.0202  0.000e+00    19.0000
     38.000     3.0225  28.649962      0.256      4.549      0.000      0.000       5019    209.095    31.2989     3.0197  0.000e+00    18.0000
     37.500     3.0219  28.648906      0.251      4.544      0.000      0.000       5037    209.829    31.2985     3.0191  0.000e+00    17.0000
     37.000     3.0212  28.647411      0.248      4.542      0.000      0.000       5053    210.515    31.2976     3.0185  0.000e+00    16.0000
     36.500     3.0210  28.646908      0.249      4.548      0.000      0.000       5069    211.185    31.2974     3.0183  0.000e+00    16.0000
     36.000     3.0206  28.644871      0.249      4.549      0.000      0.000       5086    211.865    31.2956     3.0179  0.000e+00    17.0000
     35.500     3.0203  28.643086      0.251      4.548      0.000      0.000       5103    212.572    31.2940     3.0176  0.000e+00    17.0000
     35.000     3.0206  28.642320      0.254      4.545      0.000      0.000       5121    213.331    31.2931     3.0180  0.000e+00    19.0000
     34.500     3.0215  28.640135      0.248      4.548      0.000      0.000       5141    214.156    31.2898     3.0189  0.000e+00    21.0000
     34.000     3.0224  28.636969      0.270      4.547      0.000      0.000       5163    215.073    31.2854     3.0198  0.000e+00    23.0000
     33.500     3.0230  28.633049      0.277      4.546      0.000      0.000       5185    216.001    31.2803     3.0204  0.000e+00    21.0000
     33.000     3.0234  28.631462      0.276      4.548      0.000      0.000       5204    216.807    31.2783     3.0209  0.000e+00    17.0000
     32.500     3.0244  28.630420      0.279      4.544      0.000      0.000       5221    217.496    31.2763     3.0219  0.000e+00    16.0000
     32.000     3.0246  28.630412      0.271      4.542      0.000      0.000       5236    218.140    31.2764     3.0221  0.000e+00    15.0000
     31.500     3.0270  28.619041      0.275      4.542      0.000      0.000       5251    218.762    31.2606     3.0246  0.000e+00    15.0000
     31.000     3.0299  28.612576      0.286      4.540      0.000      0.000       5267    219.409    31.2503     3.0275  0.000e+00    17.0000
     30.500     3.0366  28.593351      0.280      4.531      0.000      0.000       5284    220.127    31.2209     3.0342  0.000e+00    18.0000
     30.000     3.0445  28.570704      0.278      4.526      0.000      0.000       5303    220.930    31.1862     3.0421  0.000e+00    20.0000
     29.500     3.0461  28.564753      0.286      4.525      0.000      0.000       5324    221.787    31.1777     3.0438  0.000e+00    20.0000
     29.000     3.0458  28.566674      0.300      4.523      0.000      0.000       5344    222.607    31.1806     3.0435  0.000e+00    18.0000
     28.500     3.0473  28.563835      0.299      4.523      0.000      0.000       5362    223.381    31.1760     3.0450  0.000e+00    19.0000
     28.000     3.0512  28.562086      0.337      4.519      0.000      0.000       5381    224.155    31.1704     3.0489  0.000e+00    19.0000
     27.500     3.0550  28.555269      0.335      4.512      0.000      0.000       5399    224.936    31.1587     3.0528  0.000e+00    18.0000
     27.000     3.0698  28.530092      0.346      4.509      0.000      0.000       5418    225.706    31.1144     3.0676  0.000e+00    19.0000
     26.500     3.0993  28.519003      0.356      4.502      0.000      0.000       5436    226.442    31.0729     3.0971  0.000e+00    17.0000
     26.000     3.1421  28.520230      0.387      4.502      0.000      0.000       5453    227.151    31.0334     3.1399  0.000e+00    16.0000
     25.500     3.2184  28.521239      0.453      4.502      0.000      0.000       5469    227.838    30.9617     3.2162  0.000e+00    17.0000
     25.000     3.2641  28.525160      0.432      4.499      0.000      0.000       5486    228.525    30.9229     3.2619  0.000e+00    17.0000
     24.500     3.2481  28.538568      0.419      4.498      0.000      0.000       5503    229.244    30.9545     3.2460  0.000e+00    17.0000
     24.000     3.4060  28.550403      0.424      4.496      0.000      0.000       5522    230.032    30.8183     3.4038  0.000e+00    21.0000
     23.500     3.4525  28.561248      0.411      4.491      0.000      0.000       5543    230.920    30.7873     3.4503  0.000e+00    22.0000
     23.000     3.4739  28.569117      0.415      4.493      0.000      0.000       5565    231.828    30.7766     3.4717  0.000e+00    20.0000
     22.500     3.4745  28.573353      0.411      4.492      0.000      0.000       5584    232.619    30.7813     3.4724  0.000e+00    18.0000
     22.000     3.4518  28.568495      0.404      4.482      0.000      0.000       5600    233.291    30.7974     3.4497  0.000e+00    15.0000
     21.500     3.4202  28.564731      0.416      4.494      0.000      0.000       5615    233.908    30.8231     3.4182  0.000e+00    15.0000
     21.000     3.3452  28.551108      0.405      4.494      0.000      0.000       5630    234.534    30.8785     3.3432  0.000e+00    15.0000
     20.500     3.4583  28.577610      0.398      4.493      0.000      0.000       5646    235.216    30.8028     3.4563  0.000e+00    18.0000
     20.000     3.5697  28.602179      0.403      4.486      0.000      0.000       5665    236.007    30.7267     3.5677  0.000e+00    20.0000
     19.500     3.6049  28.609352      0.405      4.494      0.000      0.000       5686    236.870    30.7022     3.6029  0.000e+00    20.0000
     19.000     3.6008  28.596669      0.403      4.499      0.000      0.000       5705    237.674    30.6913     3.5988  0.000e+00    19.0000
     18.500     3.5900  28.585429      0.394      4.498      0.000      0.000       5722    238.390    30.6884     3.5881  0.000e+00    16.0000
     18.000     3.5736  28.581832      0.399      4.496      0.000      0.000       5739    239.065    30.6999     3.5717  0.000e+00    16.0000
     17.500     3.5724  28.574442      0.420      4.497      0.000      0.000       5755    239.759    30.6925     3.5705  0.000e+00    18.0000
     17.000     3.5773  28.560635      0.413      4.493      0.000      0.000       5774    240.541    30.6718     3.5755  0.000e+00    20.0000
     16.500     3.5759  28.551135      0.391      4.486      0.000      0.000       5795    241.423    30.6621     3.5741  0.000e+00    21.0000
     16.000     3.5768  28.545109      0.420      4.486      0.000      0.000       5816    242.297    30.6544     3.5750  0.000e+00    20.0000
     15.500     3.5842  28.549424      0.407      4.489      0.000      0.000       5835    243.065    30.6528     3.5824  0.000e+00    17.0000
     15.000     3.5738  28.552047      0.398      4.490      0.000      0.000       5851    243.749    30.6659     3.5721  0.000e+00    15.0000
     14.500     3.5770  28.544975      0.392      4.493      0.000      0.000       5867    244.402    30.6548     3.5753  0.000e+00    16.0000
     14.000     3.5797  28.547104      0.396      4.495      0.000      0.000       5882    245.061    30.6550     3.5780  0.000e+00    16.0000
     13.500     3.5948  28.546243      0.419      4.493      0.000      0.000       5899    245.751    30.6400     3.5932  0.000e+00    17.0000
     13.000     3.6021  28.549728      0.416      4.489      0.000      0.000       5917    246.509    30.6375     3.6005  0.000e+00    19.0000
     12.500     3.6115  28.552402      0.409      4.491      0.000      0.000       5936    247.309    30.6321     3.6099  0.000e+00    20.0000
     12.000     3.6132  28.545921      0.407      4.487      0.000      0.000       5956    248.136    30.6231     3.6116  0.000e+00    20.0000
     11.500     3.6138  28.520264      0.399      4.481      0.000      0.000       5976    248.971    30.5924     3.6123  0.000e+00    19.0000
     11.000     3.5818  28.475104      0.413      4.472      0.000      0.000       5995    249.745    30.5693     3.5803  0.000e+00    18.0000
     10.500     3.5719  28.466338      0.416      4.468      0.000      0.000       6011    250.436    30.5685     3.5704  0.000e+00    16.0000
     10.000     3.5775  28.453400      0.412      4.465      0.000      0.000       6027    251.098    30.5481     3.5761  0.000e+00    16.0000
      9.500     3.5909  28.441420      0.442      4.450      0.000      0.000       6044    251.777    30.5216     3.5895  0.000e+00    17.0000
      9.000     3.6420  28.409320      0.507      4.440      0.000      0.000       6062    252.548    30.4360     3.6406  0.000e+00    20.0000
      8.500     3.7000  28.397293      0.495      4.433      0.000      0.000       6085    253.520    30.3680     3.6986  0.000e+00    25.0000
      8.000     3.7133  28.395435      0.532      4.429      0.000      0.000       6110    254.539    30.3536     3.7119  0.000e+00    23.0000
      7.500     3.7149  28.393922      0.487      4.431      0.000      0.000       6131    255.422    30.3506     3.7136  0.000e+00    19.0000
      7.000     3.7128  28.394336      0.466      4.421      0.000      0.000       6150    256.203    30.3533     3.7115  0.000e+00    18.0000
      6.500     3.7795  28.380893      0.462      4.404      0.000      0.000       6168    256.964    30.2757     3.7782  0.000e+00    18.0000
      6.000     3.8953  28.312576      0.477      4.372      0.000      0.014       6186    257.710    30.0888     3.8940  0.000e+00    17.0000
      5.500     3.9535  28.116383      0.520      4.305      0.000      0.072       6204    258.459    29.8062     3.9522  0.000e+00    19.0000
      5.000     3.9742  27.859872      0.571      4.159      0.000      0.140       6222    259.216    29.4883     3.9730  0.000e+00    18.0000
      4.500     4.0480  27.374874      0.603      3.947      0.000      0.194       6241    260.003    28.8585     4.0468  0.000e+00    19.0000
      4.000     4.0181  27.467523      0.641      3.987      0.000      0.240       6261    260.852    28.9927     4.0169  0.000e+00    23.0000
      3.500     3.9919  27.508077      0.672      3.927      0.000      0.325       6311    262.935    29.0634     3.9907  0.000e+00    44.0000
      3.000     4.0568  27.129078      0.629      3.923      0.000      0.586       6519    271.590    28.5664     4.0557  0.000e+00    38.0000
      2.500     4.0800  27.000384      0.647      3.982      0.085      0.806       6565    273.508    28.3974     4.0789  0.000e+00    30.0000
      2.000     4.0966  26.873012      0.669      3.957      0.272      1.016       6597    274.837    28.2360     4.0955  0.000e+00    35.0000
      1.500     4.1129  26.741622      0.731      3.767      0.538      1.273       6645    276.835    28.0704     4.1118  0.000e+00    50.0000
      1.000     4.2157  25.473750      0.300      0.872      0.584      1.414       6841    284.998    26.5281     4.2146  0.000e+00    34.0000
