testfiles/govdocs/439/439711.txt
* Sea-Bird SBE 9 Raw Data File:
* FileName = C:\CRUISE\OC320\CAST04.DAT
* Software Version 4.222
* Temperature SN = 2265
* Conductivity SN = 1859
* Number of Bytes Per Scan = 27
* Number of Voltage Words = 5
* System UpLoad Time = Mar 31 1998 17:05:16
* NMEA Latitude = 43 47.55 N
* NMEA Longitude = 066 22.11 W
* NMEA UTC (Time) = 22:07:12
** R/V OCEANUS cast4
** OC320  
** Station # cast4
** scotian shelf mooring site
# nquan = 10
# nvalues = 15475                   
# units = metric
# name 0 = pr: pressure [db]
# name 1 = t068: temperature, IPTS-68 [deg C]
# name 2 = c0mS/cm: conductivity [mS/cm]
# name 3 = v1: voltage, number  1 [V]
# name 4 = v2: voltage, number  2 [V]
# name 5 = v4: voltage, number  4 [V]
# name 6 = v6: voltage, number  6 [V]
# name 7 = scan: scan number
# name 8 = timeS: time [s]
# name 9 = flag:  0.000e+00
# span 0 = 0.500, 63.306                
# span 1 = 2.8768, 5.2866               
# span 2 = -4.041026, 28.552076         
# span 3 = 0.105, 1.473                 
# span 4 = 0.005, 4.309                 
# span 5 = 4.337e-18, 1.261             
# span 6 = 4.337e-18, 2.355             
# span 7 = 1, 15475                     
# span 8 = 0.000, 644.750               
# span 9 = 0.000e+00, 0.000e+00         
# interval = seconds: 0.0416667                   
# start_time = Mar 31 1998 17:05:16
# bad_flag = -9.990e-29
*END*
[from data line 14847]
      0.770     5.2331   0.135078      0.414      0.148      0.000      0.000      14848    618.625  0.000e+00
      0.699     5.2329   0.135021      0.415      0.148      0.000      0.000      14849    618.667  0.000e+00
      0.754     5.2333   0.134895      0.415      0.148      0.000      0.000      14850    618.708  0.000e+00
      0.715     5.2333   0.134850      0.415      0.148      0.000      0.000      14851    618.750  0.000e+00
      0.754     5.2331   0.134850      0.415      0.148      0.000      0.000      14852    618.792  0.000e+00
      0.699     5.2334   0.134781      0.415      0.148      0.000      0.000      14853    618.833  0.000e+00
      0.715     5.2334   0.134678      0.415      0.148      0.000      0.000      14854    618.875  0.000e+00
      0.754     5.2336   0.134610      0.415      0.148      0.000      0.000      14855    618.917  0.000e+00
      0.699     5.2334   0.134575      0.414      0.147      0.000      0.000      14856    618.958  0.000e+00
      0.754     5.2334   0.134575      0.413      0.147      0.000      0.000      14857    619.000  0.000e+00
      0.715     5.2336   0.134484      0.413      0.147      0.000      0.000      14858    619.042  0.000e+00
      0.754     5.2336   0.134404      0.413      0.147      0.000      0.000      14859    619.083  0.000e+00
      0.699     5.2339   0.134484      0.411      0.148      0.000      0.000      14860    619.125  0.000e+00
      0.715     5.2337   0.134381      0.410      0.147      0.000      0.000      14861    619.167  0.000e+00
      0.754     5.2337   0.134290      0.410      0.147      0.000      0.000      14862    619.208  0.000e+00
      0.699     5.2339   0.134255      0.409      0.147      0.000      0.000      14863    619.250  0.000e+00
      0.754     5.2339   0.134221      0.409      0.147      0.000      0.000      14864    619.292  0.000e+00
      0.715     5.2342   0.134210      0.408      0.147      0.000      0.000      14865    619.333  0.000e+00
      0.754     5.2342   0.134153      0.408      0.147      0.000      0.000      14866    619.375  0.000e+00
      0.699     5.2340   0.134130      0.408      0.147      0.000      0.000      14867    619.417  0.000e+00
      0.715     5.2340   0.134107      0.407      0.147      0.000      0.000      14868    619.458  0.000e+00
      0.754     5.2342   0.134073      0.407      0.147      0.000      0.000      14869    619.500  0.000e+00
      0.699     5.2342   0.134050      0.405      0.147      0.000      0.000      14870    619.542  0.000e+00
      0.754     5.2342   0.134015      0.405      0.147      0.000      0.000      14871    619.583  0.000e+00
      0.715     5.2344   0.133993      0.407      0.147      0.000      0.000      14872    619.625  0.000e+00
      0.699     5.2342   0.133958      0.407      0.147      0.000      0.000      14873    619.667  0.000e+00
      0.754     5.2344   0.133947      0.407      0.147      0.000      0.000      14874    619.708  0.000e+00
      0.715     5.2344   0.133935      0.408      0.147      0.000      0.000      14875    619.750  0.000e+00
      0.699     5.2347   0.133924      0.408      0.147      0.000      0.000      14876    619.792  0.000e+00
      0.754     5.2347   0.133924      0.408      0.147      0.000      0.000      14877    619.833  0.000e+00
      0.715     5.2347   0.133913      0.409      0.147      0.000      0.000      14878    619.875  0.000e+00
      0.754     5.2349   0.133855      0.409      0.147      0.000      0.000      14879    619.917  0.000e+00
      0.699     5.2345   0.133833      0.409      0.147      0.000      0.000      14880    619.958  0.000e+00
      0.699     5.2349   0.133844      0.409      0.147      0.000      0.000      14881    620.000  0.000e+00
      0.715     5.2350   0.133901      0.409      0.147      0.000      0.000      14882    620.042  0.000e+00
      0.754     5.2347   0.133855      0.409      0.147      0.000      0.000      14883    620.083  0.000e+00
      0.699     5.2350   0.133833      0.409      0.147      0.000      0.000      14884    620.125  0.000e+00
      0.715     5.2349   0.133844      0.409      0.147      0.000      0.000      14885    620.167  0.000e+00
      0.755     5.2349   0.133855      0.409      0.147      0.000      0.000      14886    620.208  0.000e+00
      0.700     5.2350   0.133844      0.409      0.147      0.000      0.000      14887    620.250  0.000e+00
      0.755     5.2352   0.133810      0.409      0.147      0.000      0.000      14888    620.292  0.000e+00
      0.715     5.2352   0.133833      0.409      0.147      0.000      0.000      14889    620.333  0.000e+00
      0.755     5.2353   0.133855      0.408      0.147      0.000      0.000      14890    620.375  0.000e+00
      0.700     5.2353   0.133855      0.408      0.147      0.000      0.000      14891    620.417  0.000e+00
      0.715     5.2353   0.133878      0.408      0.147      0.000      0.000      14892    620.458  0.000e+00
      0.755     5.2353   0.133913      0.408      0.145      0.000      0.000      14893    620.500  0.000e+00
      0.700     5.2353   0.133924      0.407      0.145      0.000      0.000      14894    620.542  0.000e+00
      0.770     5.2353   0.133890      0.405      0.145      0.000      0.000      14895    620.583  0.000e+00
      0.700     5.2355   0.133867      0.405      0.145      0.000      0.000      14896    620.625  0.000e+00
      0.700     5.2355   0.133855      0.405      0.147      0.000      0.000      14897    620.667  0.000e+00
      0.755     5.2357   0.133878      0.404      0.147      0.000      0.000      14898    620.708  0.000e+00
      0.715     5.2355   0.133958      0.403      0.145      0.000      0.000      14899    620.750  0.000e+00
      0.755     5.2357   0.133947      0.403      0.145      0.000      0.000      14900    620.792  0.000e+00
      0.755     5.2357   0.133958      0.402      0.145      0.000      0.000      14901    620.833  0.000e+00
      0.715     5.2360   0.133958      0.400      0.145      0.000      0.000      14902    620.875  0.000e+00
      0.700     5.2357   0.133970      0.400      0.145      0.000      0.000      14903    620.917  0.000e+00
      0.755     5.2360   0.133981      0.400      0.145      0.000      0.000      14904    620.958  0.000e+00
      0.755     5.2358   0.133981      0.400      0.145      0.000      0.000      14905    621.000  0.000e+00
      0.716     5.2360   0.133993      0.400      0.145      0.000      0.000      14906    621.042  0.000e+00
      0.700     5.2358   0.133970      0.400      0.145      0.000      0.000      14907    621.083  0.000e+00
      0.755     5.2360   0.134015      0.400      0.145      0.000      0.000      14908    621.125  0.000e+00
      0.716     5.2362   0.133970      0.402      0.145      0.000      0.000      14909    621.167  0.000e+00
      0.755     5.2361   0.133981      0.402      0.145      0.000      0.000      14910    621.208  0.000e+00
      0.755     5.2363   0.133970      0.402      0.145      0.000      0.000      14911    621.250  0.000e+00
      0.598     5.2360   0.133970      0.400      0.145      0.000      0.000      14912    621.292  0.000e+00
      0.818     5.2363   0.133993      0.400      0.145      0.000      0.000      14913    621.333  0.000e+00
      0.755     5.2363   0.133970      0.400      0.144      0.000      0.000      14914    621.375  0.000e+00
      0.755     5.2365   0.133970      0.400      0.145      0.000      0.000      14915    621.417  0.000e+00
      0.716     5.2361   0.133981      0.400      0.145      0.000      0.000      14916    621.458  0.000e+00
      0.755     5.2364   0.133958      0.400      0.145      0.000      0.000      14917    621.500  0.000e+00
      0.755     5.2365   0.133981      0.400      0.145      0.000      0.000      14918    621.542  0.000e+00
      0.716     5.2364   0.133947      0.400      0.145      0.000      0.000      14919    621.583  0.000e+00
      0.755     5.2364   0.133890      0.400      0.145      0.000      0.000      14920    621.625  0.000e+00
      0.700     5.2367   0.133821      0.400      0.145      0.000      0.000      14921    621.667  0.000e+00
      0.755     5.2366   0.133890      0.400      0.145      0.000      0.000      14922    621.708  0.000e+00
      0.716     5.2366   0.133855      0.400      0.145      0.000      0.000      14923    621.750  0.000e+00
      0.755     5.2368   0.133878      0.402      0.145      0.000      0.000      14924    621.792  0.000e+00
      0.755     5.2369   0.133810      0.402      0.145      0.000      0.000      14925    621.833  0.000e+00
      0.716     5.2366   0.133775      0.402      0.145      0.000      0.000      14926    621.875  0.000e+00
      0.700     5.2369   0.133775      0.400      0.145      0.000      0.000      14927    621.917  0.000e+00
      0.700     5.2371   0.133741      0.400      0.145      0.000      0.000      14928    621.958  0.000e+00
      0.818     5.2369   0.133695      0.399      0.145      0.000      0.000      14929    622.000  0.000e+00
      0.716     5.2373   0.133707      0.398      0.145      0.000      0.000      14930    622.042  0.000e+00
      0.755     5.2373   0.133638      0.398      0.145      0.000      0.000      14931    622.083  0.000e+00
      0.700     5.2373   0.133593      0.398      0.145      0.000      0.000      14932    622.125  0.000e+00
      0.771     5.2371   0.133513      0.397      0.145      0.000      0.000      14933    622.167  0.000e+00
      0.755     5.2373   0.133467      0.397      0.145      0.000      0.000      14934    622.208  0.000e+00
      0.700     5.2371   0.133490      0.397      0.145      0.000      0.000      14935    622.250  0.000e+00
      0.771     5.2376   0.133398      0.398      0.144      0.000      0.000      14936    622.292  0.000e+00
      0.700     5.2374   0.133296      0.398      0.145      0.000      0.000      14937    622.333  0.000e+00
      0.755     5.2374   0.133273      0.398      0.145      0.000      0.000      14938    622.375  0.000e+00
      0.700     5.2378   0.133261      0.398      0.145      0.000      0.000      14939    622.417  0.000e+00
      0.771     5.2376   0.133216      0.397      0.145      0.000      0.000      14940    622.458  0.000e+00
      0.755     5.2376   0.133193      0.397      0.145      0.000      0.000      14941    622.500  0.000e+00
      0.700     5.2379   0.133113      0.398      0.145      0.000      0.000      14942    622.542  0.000e+00
      0.716     5.2378   0.133056      0.398      0.145      0.000      0.000      14943    622.583  0.000e+00
      0.755     5.2376   0.133010      0.398      0.145      0.000      0.000      14944    622.625  0.000e+00
      0.755     5.2379   0.132941      0.400      0.145      0.000      0.000      14945    622.667  0.000e+00
      0.700     5.2379   0.132918      0.400      0.145      0.000      0.000      14946    622.708  0.000e+00
      0.771     5.2381   0.132896      0.402      0.145      0.000      0.000      14947    622.750  0.000e+00
      0.700     5.2381   0.132839      0.403      0.145      0.000      0.000      14948    622.792  0.000e+00
      0.755     5.2382   0.132816      0.403      0.145      0.000      0.000      14949    622.833  0.000e+00
      0.716     5.2381   0.132701      0.403      0.145      0.000      0.000      14950    622.875  0.000e+00
      0.756     5.2384   0.132644      0.402      0.145      0.000      0.000      14951    622.917  0.000e+00
      0.701     5.2382   0.132599      0.402      0.145      0.000      0.000      14952    622.958  0.000e+00
      0.716     5.2384   0.132541      0.402      0.145      0.000      0.000      14953    623.000  0.000e+00
      0.756     5.2382   0.132416      0.402      0.145      0.000      0.000      14954    623.042  0.000e+00
      0.756     5.2384   0.132370      0.402      0.145      0.000      0.000      14955    623.083  0.000e+00
      0.701     5.2385   0.132370      0.400      0.145      0.000      0.000      14956    623.125  0.000e+00
      0.771     5.2387   0.132370      0.400      0.145      0.000      0.000      14957    623.167  0.000e+00
      0.701     5.2387   0.132302      0.400      0.145      0.000      0.000      14958    623.208  0.000e+00
      0.756     5.2385   0.132222      0.400      0.145      0.000      0.000      14959    623.250  0.000e+00
      0.716     5.2390   0.132199      0.400      0.145      0.000      0.000      14960    623.292  0.000e+00
      0.756     5.2390   0.132119      0.399      0.145      0.000      0.000      14961    623.333  0.000e+00
      0.701     5.2389   0.132050      0.399      0.145      0.000      0.000      14962    623.375  0.000e+00
      0.756     5.2390   0.131982      0.398      0.145      0.000      0.000      14963    623.417  0.000e+00
      0.716     5.2390   0.131959      0.398      0.145      0.000      0.000      14964    623.458  0.000e+00
      0.756     5.2392   0.131936      0.398      0.145      0.000      0.000      14965    623.500  0.000e+00
      0.756     5.2392   0.131833      0.398      0.145      0.000      0.000      14966    623.542  0.000e+00
      0.716     5.2392   0.131753      0.398      0.145      0.000      0.000      14967    623.583  0.000e+00
      0.756     5.2394   0.131696      0.398      0.145      0.000      0.000      14968    623.625  0.000e+00
      0.701     5.2393   0.131616      0.398      0.147      0.000      0.000      14969    623.667  0.000e+00
      0.756     5.2393   0.131570      0.398      0.147      0.000      0.000      14970    623.708  0.000e+00
      0.717     5.2397   0.131525      0.398      0.147      0.000      0.000      14971    623.750  0.000e+00
      0.756     5.2395   0.131468      0.398      0.145      0.000      0.000      14972    623.792  0.000e+00
      0.756     5.2397   0.131376      0.398      0.145      0.000      0.000      14973    623.833  0.000e+00
      0.717     5.2397   0.131319      0.398      0.145      0.000      0.000      14974    623.875  0.000e+00
      0.756     5.2397   0.131285      0.398      0.145      0.000      0.000      14975    623.917  0.000e+00
      0.701     5.2398   0.131205      0.398      0.145      0.000      0.000      14976    623.958  0.000e+00
      0.772     5.2399   0.131113      0.397      0.145      0.000      0.000      14977    624.000  0.000e+00
      0.701     5.2400   0.131091      0.397      0.145      0.000      0.000      14978    624.042  0.000e+00
      0.756     5.2400   0.130999      0.397      0.145      0.000      0.000      14979    624.083  0.000e+00
      0.756     5.2402   0.130931      0.396      0.145      0.000      0.000      14980    624.125  0.000e+00
      0.717     5.2402   0.130908      0.396      0.145      0.000      0.000      14981    624.167  0.000e+00
      0.701     5.2403   0.130851      0.396      0.145      0.000      0.000      14982    624.208  0.000e+00
      0.756     5.2403   0.130725      0.396      0.145      0.000      0.000      14983    624.250  0.000e+00
      0.772     5.2403   0.130668      0.396      0.145      0.000      0.000      14984    624.292  0.000e+00
      0.701     5.2406   0.130622      0.396      0.145      0.000      0.000      14985    624.333  0.000e+00
      0.756     5.2405   0.130565      0.396      0.145      0.000      0.000      14986    624.375  0.000e+00
      0.756     5.2407   0.130508      0.396      0.145      0.000      0.000      14987    624.417  0.000e+00
      0.717     5.2406   0.130405      0.396      0.145      0.000      0.000      14988    624.458  0.000e+00
      0.756     5.2409   0.130348      0.396      0.145      0.000      0.000      14989    624.500  0.000e+00
      0.701     5.2407   0.130280      0.394      0.145      0.000      0.000      14990    624.542  0.000e+00
