testfiles/govdocs/439/439711.txt
* Sea-Bird SBE 9 Raw Data File:
* FileName = C:\CRUISE\OC320\CAST04.DAT
* Software Version 4.222
* Temperature SN = 2265
* Conductivity SN = 1859
* Number of Bytes Per Scan = 27
* Number of Voltage Words = 5
* System UpLoad Time = Mar 31 1998 17:05:16
* NMEA Latitude = 43 47.55 N
* NMEA Longitude = 066 22.11 W
* NMEA UTC (Time) = 22:07:12
** R/V OCEANUS cast4
** OC320  
** Station # cast4
** scotian shelf mooring site
# nquan = 10
# nvalues = 15475                   
# units = metric
# name 0 = pr: pressure [db]
# name 1 = t068: temperature, IPTS-68 [deg C]
# name 2 = c0mS/cm: conductivity [mS/cm]
# name 3 = v1: voltage, number  1 [V]
# name 4 = v2: voltage, number  2 [V]
# name 5 = v4: voltage, number  4 [V]
# name 6 = v6: voltage, number  6 [V]
# name 7 = scan: scan number
# name 8 = timeS: time [s]
# name 9 = flag:  0.000e+00
# span 0 = 0.500, 63.306                
# span 1 = 2.8768, 5.2866               
# span 2 = -4.041026, 28.552076         
# span 3 = 0.105, 1.473                 
# span 4 = 0.005, 4.309                 
# span 5 = 4.337e-18, 1.261             
# span 6 = 4.337e-18, 2.355             
# span 7 = 1, 15475                     
# span 8 = 0.000, 644.750               
# span 9 = 0.000e+00, 0.000e+00         
# interval = seconds: 0.0416667                   
# start_time = Mar 31 1998 17:05:16
# bad_flag = -9.990e-29
*END*
[from data line 12253]
      0.732     4.3310   0.100180      0.538      0.448      1.063      2.151      12254    510.542  0.000e+00
      0.795     4.3317   0.099770      0.537      0.448      1.063      2.153      12255    510.583  0.000e+00
      0.748     4.3322   0.099326      0.537      0.447      1.062      2.151      12256    510.625  0.000e+00
      0.732     4.3328   0.099019      0.535      0.446      1.062      2.151      12257    510.667  0.000e+00
      0.732     4.3333   0.098530      0.535      0.446      1.063      2.153      12258    510.708  0.000e+00
      0.732     4.3337   0.098040      0.534      0.444      1.063      2.151      12259    510.750  0.000e+00
      0.803     4.3342   0.097517      0.534      0.444      1.063      2.154      12260    510.792  0.000e+00
      0.732     4.3349   0.097039      0.534      0.443      1.063      2.153      12261    510.833  0.000e+00
      0.732     4.3354   0.096789      0.534      0.443      1.063      2.153      12262    510.875  0.000e+00
      0.748     4.3359   0.096755      0.534      0.442      1.063      2.153      12263    510.917  0.000e+00
      0.795     4.3365   0.096869      0.534      0.441      1.065      2.153      12264    510.958  0.000e+00
      0.732     4.3373   0.097017      0.535      0.441      1.065      2.153      12265    511.000  0.000e+00
      0.795     4.3376   0.097153      0.535      0.440      1.065      2.154      12266    511.042  0.000e+00
      0.748     4.3384   0.097267      0.535      0.440      1.063      2.154      12267    511.083  0.000e+00
      0.732     4.3389   0.097415      0.535      0.438      1.063      2.154      12268    511.125  0.000e+00
      0.732     4.3393   0.097210      0.535      0.437      1.065      2.154      12269    511.167  0.000e+00
      0.748     4.3402   0.096596      0.535      0.437      1.065      2.154      12270    511.208  0.000e+00
      0.795     4.3406   0.095413      0.535      0.436      1.065      2.154      12271    511.250  0.000e+00
      0.732     4.3415   0.094651      0.535      0.436      1.065      2.154      12272    511.292  0.000e+00
      0.795     4.3417   0.094309      0.535      0.435      1.063      2.154      12273    511.333  0.000e+00
      0.748     4.3426   0.093877      0.534      0.435      1.063      2.154      12274    511.375  0.000e+00
      0.732     4.3432   0.093513      0.534      0.433      1.065      2.154      12275    511.417  0.000e+00
      0.795     4.3438   0.093263      0.534      0.433      1.065      2.154      12276    511.458  0.000e+00
      0.748     4.3445   0.092763      0.534      0.432      1.065      2.154      12277    511.500  0.000e+00
      0.795     4.3451   0.092262      0.535      0.432      1.063      2.154      12278    511.542  0.000e+00
      0.732     4.3456   0.091364      0.536      0.431      1.063      2.154      12279    511.583  0.000e+00
      0.748     4.3462   0.088841      0.537      0.431      1.065      2.154      12280    511.625  0.000e+00
      0.732     4.3469   0.080889      0.538      0.430      1.065      2.154      12281    511.667  0.000e+00
      0.795     4.3475   0.074022      0.540      0.430      1.065      2.154      12282    511.708  0.000e+00
      0.732     4.3480   0.070665      0.540      0.430      1.065      2.154      12283    511.750  0.000e+00
      0.748     4.3486   0.068952      0.538      0.430      1.063      2.154      12284    511.792  0.000e+00
      0.795     4.3493   0.067467      0.537      0.430      1.065      2.154      12285    511.833  0.000e+00
      0.732     4.3497   0.065166      0.536      0.429      1.065      2.154      12286    511.875  0.000e+00
      0.748     4.3504   0.062889      0.535      0.429      1.065      2.154      12287    511.917  0.000e+00
      0.795     4.3511   0.060714      0.535      0.429      1.065      2.154      12288    511.958  0.000e+00
      0.732     4.3517   0.057950      0.537      0.427      1.065      2.154      12289    512.000  0.000e+00
      0.795     4.3523   0.055301      0.537      0.427      1.065      2.154      12290    512.042  0.000e+00
      0.748     4.3529   0.053252      0.537      0.427      1.066      2.154      12291    512.083  0.000e+00
      0.733     4.3536   0.049621      0.537      0.427      1.066      2.154      12292    512.125  0.000e+00
      0.733     4.3541   0.047607      0.538      0.426      1.066      2.154      12293    512.167  0.000e+00
      0.803     4.3549   0.046974      0.537      0.426      1.066      2.154      12294    512.208  0.000e+00
      0.733     4.3555   0.046737      0.537      0.426      1.065      2.154      12295    512.250  0.000e+00
      0.795     4.3562   0.046510      0.537      0.426      1.065      2.154      12296    512.292  0.000e+00
      0.733     4.3565   0.046352      0.535      0.426      1.066      2.154      12297    512.333  0.000e+00
      0.748     4.3574   0.046239      0.535      0.425      1.066      2.154      12298    512.375  0.000e+00
      0.733     4.3578   0.046183      0.534      0.425      1.066      2.154      12299    512.417  0.000e+00
      0.796     4.3584   0.045990      0.534      0.425      1.065      2.154      12300    512.458  0.000e+00
      0.748     4.3592   0.045877      0.532      0.424      1.065      2.154      12301    512.500  0.000e+00
      0.733     4.3598   0.045855      0.532      0.424      1.066      2.154      12302    512.542  0.000e+00
      0.796     4.3603   0.045776      0.532      0.422      1.065      2.154      12303    512.583  0.000e+00
      0.693     4.3611   0.045617      0.532      0.424      1.065      2.154      12304    512.625  0.000e+00
      0.796     4.3616   0.045482      0.532      0.422      1.065      2.154      12305    512.667  0.000e+00
      0.733     4.3622   0.045482      0.534      0.422      1.063      2.154      12306    512.708  0.000e+00
      0.796     4.3630   0.045380      0.534      0.422      1.065      2.154      12307    512.750  0.000e+00
      0.748     4.3636   0.045301      0.535      0.422      1.065      2.154      12308    512.792  0.000e+00
      0.733     4.3641   0.045244      0.535      0.421      1.065      2.154      12309    512.833  0.000e+00
      0.733     4.3648   0.045244      0.535      0.421      1.065      2.154      12310    512.875  0.000e+00
      0.749     4.3653   0.045267      0.535      0.421      1.063      2.154      12311    512.917  0.000e+00
      0.733     4.3661   0.045301      0.535      0.420      1.063      2.154      12312    512.958  0.000e+00
      0.733     4.3667   0.045289      0.535      0.420      1.065      2.154      12313    513.000  0.000e+00
      0.733     4.3670   0.045278      0.535      0.420      1.065      2.154      12314    513.042  0.000e+00
      0.749     4.3679   0.045244      0.535      0.419      1.065      2.154      12315    513.083  0.000e+00
      0.733     4.3685   0.045289      0.535      0.418      1.065      2.154      12316    513.125  0.000e+00
      0.796     4.3692   0.045244      0.535      0.418      1.063      2.154      12317    513.167  0.000e+00
      0.694     4.3697   0.045255      0.534      0.416      1.063      2.154      12318    513.208  0.000e+00
      0.796     4.3705   0.045312      0.534      0.416      1.065      2.154      12319    513.250  0.000e+00
      0.733     4.3709   0.045323      0.534      0.416      1.065      2.154      12320    513.292  0.000e+00
      0.576     4.3715   0.045516      0.534      0.415      1.063      2.154      12321    513.333  0.000e+00
      0.851     4.3718   0.045719      0.532      0.415      1.063      2.154      12322    513.375  0.000e+00
      0.733     4.3726   0.045866      0.532      0.414      1.063      2.154      12323    513.417  0.000e+00
      0.733     4.3735   0.045968      0.531      0.414      1.065      2.154      12324    513.458  0.000e+00
      0.749     4.3741   0.046092      0.530      0.414      1.063      2.154      12325    513.500  0.000e+00
      0.733     4.3745   0.046273      0.529      0.413      1.063      2.154      12326    513.542  0.000e+00
      0.733     4.3752   0.046375      0.529      0.413      1.063      2.154      12327    513.583  0.000e+00
      0.694     4.3757   0.046499      0.527      0.413      1.063      2.154      12328    513.625  0.000e+00
      0.733     4.3765   0.046612      0.526      0.411      1.063      2.154      12329    513.667  0.000e+00
      0.733     4.3766   0.046793      0.526      0.410      1.063      2.154      12330    513.708  0.000e+00
      0.733     4.3773   0.047121      0.525      0.410      1.063      2.154      12331    513.750  0.000e+00
      0.749     4.3780   0.047393      0.526      0.409      1.063      2.154      12332    513.792  0.000e+00
      0.678     4.3786   0.047675      0.526      0.409      1.062      2.154      12333    513.833  0.000e+00
      0.733     4.3790   0.047992      0.527      0.408      1.062      2.154      12334    513.875  0.000e+00
      0.749     4.3795   0.048309      0.529      0.408      1.063      2.154      12335    513.917  0.000e+00
      0.733     4.3801   0.048750      0.530      0.407      1.063      2.154      12336    513.958  0.000e+00
      0.733     4.3806   0.049213      0.530      0.407      1.063      2.154      12337    514.000  0.000e+00
      0.678     4.3811   0.049643      0.530      0.407      1.062      2.154      12338    514.042  0.000e+00
      0.749     4.3816   0.050220      0.530      0.405      1.062      2.154      12339    514.083  0.000e+00
      0.678     4.3822   0.050741      0.530      0.405      1.062      2.154      12340    514.125  0.000e+00
      0.733     4.3827   0.051284      0.530      0.404      1.062      2.154      12341    514.167  0.000e+00
      0.749     4.3832   0.051985      0.530      0.403      1.062      2.153      12342    514.208  0.000e+00
      0.733     4.3835   0.052879      0.530      0.403      1.062      2.153      12343    514.250  0.000e+00
      0.678     4.3843   0.053943      0.530      0.402      1.061      2.153      12344    514.292  0.000e+00
      0.694     4.3846   0.055131      0.529      0.402      1.062      2.151      12345    514.333  0.000e+00
      0.796     4.3849   0.056127      0.529      0.400      1.062      2.151      12346    514.375  0.000e+00
      0.678     4.3858   0.057305      0.529      0.399      1.062      2.151      12347    514.417  0.000e+00
      0.733     4.3861   0.058607      0.529      0.399      1.062      2.151      12348    514.458  0.000e+00
      0.694     4.3866   0.059864      0.529      0.398      1.062      2.151      12349    514.500  0.000e+00
      0.733     4.3869   0.061155      0.529      0.397      1.061      2.151      12350    514.542  0.000e+00
      0.733     4.3873   0.062560      0.529      0.396      1.062      2.151      12351    514.583  0.000e+00
      0.749     4.3877   0.064339      0.529      0.394      1.062      2.151      12352    514.625  0.000e+00
      0.678     4.3883   0.066628      0.530      0.393      1.062      2.151      12353    514.667  0.000e+00
      0.733     4.3886   0.070347      0.530      0.393      1.062      2.151      12354    514.708  0.000e+00
      0.733     4.3888   0.075576      0.530      0.391      1.061      2.151      12355    514.750  0.000e+00
      0.749     4.3894   0.080957      0.530      0.391      1.061      2.151      12356    514.792  0.000e+00
      0.733     4.3898   0.085977      0.530      0.389      1.062      2.151      12357    514.833  0.000e+00
      0.678     4.3904   0.089273      0.530      0.388      1.061      2.151      12358    514.875  0.000e+00
      0.749     4.3907   0.089727      0.530      0.387      1.061      2.151      12359    514.917  0.000e+00
      0.734     4.3910   0.089239      0.530      0.386      1.061      2.151      12360    514.958  0.000e+00
      0.734     4.3914   0.088818      0.530      0.385      1.060      2.151      12361    515.000  0.000e+00
      0.576     4.3918   0.088432      0.530      0.383      1.061      2.151      12362    515.042  0.000e+00
      0.914     4.3922   0.088034      0.530      0.383      1.061      2.151      12363    515.083  0.000e+00
      0.734     4.3926   0.087727      0.530      0.382      1.061      2.151      12364    515.125  0.000e+00
      0.734     4.3931   0.087341      0.530      0.381      1.061      2.151      12365    515.167  0.000e+00
      0.749     4.3931   0.087068      0.530      0.380      1.060      2.151      12366    515.208  0.000e+00
      0.679     4.3936   0.086829      0.530      0.379      1.060      2.151      12367    515.250  0.000e+00
      0.797     4.3941   0.086545      0.530      0.379      1.061      2.151      12368    515.292  0.000e+00
      0.694     4.3945   0.086295      0.531      0.377      1.060      2.151      12369    515.333  0.000e+00
      0.734     4.3950   0.086057      0.531      0.376      1.060      2.151      12370    515.375  0.000e+00
      0.797     4.3954   0.085829      0.532      0.375      1.060      2.151      12371    515.417  0.000e+00
      0.734     4.3955   0.085545      0.532      0.374      1.060      2.151      12372    515.458  0.000e+00
      0.749     4.3960   0.085295      0.532      0.372      1.060      2.151      12373    515.500  0.000e+00
      0.734     4.3967   0.085046      0.532      0.372      1.060      2.151      12374    515.542  0.000e+00
      0.734     4.3971   0.084807      0.534      0.372      1.060      2.151      12375    515.583  0.000e+00
      0.749     4.3974   0.084568      0.532      0.371      1.060      2.150      12376    515.625  0.000e+00
      0.734     4.3979   0.084262      0.532      0.370      1.060      2.150      12377    515.667  0.000e+00
      0.734     4.3984   0.083989      0.530      0.370      1.059      2.150      12378    515.708  0.000e+00
      0.797     4.3989   0.083796      0.530      0.369      1.060      2.150      12379    515.750  0.000e+00
      0.750     4.3997   0.083546      0.529      0.369      1.060      2.150      12380    515.792  0.000e+00
      0.734     4.3997   0.083319      0.527      0.368      1.060      2.150      12381    515.833  0.000e+00
      0.797     4.4003   0.083058      0.527      0.368      1.057      2.149      12382    515.875  0.000e+00
      0.695     4.4006   0.082876      0.527      0.366      1.057      2.149      12383    515.917  0.000e+00
      0.797     4.4015   0.082637      0.526      0.365      1.059      2.150      12384    515.958  0.000e+00
      0.734     4.4017   0.082410      0.526      0.364      1.059      2.149      12385    516.000  0.000e+00
      0.695     4.4024   0.082308      0.526      0.364      1.060      2.149      12386    516.042  0.000e+00
      0.852     4.4030   0.082081      0.526      0.364      1.059      2.149      12387    516.083  0.000e+00
      0.734     4.4033   0.081899      0.525      0.363      1.057      2.149      12388    516.125  0.000e+00
      0.797     4.4040   0.081672      0.525      0.363      1.057      2.149      12389    516.167  0.000e+00
      0.750     4.4046   0.081445      0.525      0.363      1.060      2.149      12390    516.208  0.000e+00
      0.734     4.4053   0.081275      0.525      0.361      1.060      2.149      12391    516.250  0.000e+00
      0.797     4.4058   0.081138      0.525      0.361      1.060      2.149      12392    516.292  0.000e+00
      0.750     4.4062   0.080980      0.525      0.361      1.057      2.149      12393    516.333  0.000e+00
      0.734     4.4069   0.080821      0.525      0.361      1.057      2.149      12394    516.375  0.000e+00
      0.797     4.4073   0.080548      0.525      0.360      1.060      2.149      12395    516.417  0.000e+00
      0.734     4.4078   0.080435      0.526      0.360      1.060      2.149      12396    516.458  0.000e+00
