testfiles/govdocs/439/439711.txt
* Sea-Bird SBE 9 Raw Data File:
* FileName = C:\CRUISE\OC320\CAST04.DAT
* Software Version 4.222
* Temperature SN = 2265
* Conductivity SN = 1859
* Number of Bytes Per Scan = 27
* Number of Voltage Words = 5
* System UpLoad Time = Mar 31 1998 17:05:16
* NMEA Latitude = 43 47.55 N
* NMEA Longitude = 066 22.11 W
* NMEA UTC (Time) = 22:07:12
** R/V OCEANUS cast4
** OC320  
** Station # cast4
** scotian shelf mooring site
# nquan = 10
# nvalues = 15475                   
# units = metric
# name 0 = pr: pressure [db]
# name 1 = t068: temperature, IPTS-68 [deg C]
# name 2 = c0mS/cm: conductivity [mS/cm]
# name 3 = v1: voltage, number  1 [V]
# name 4 = v2: voltage, number  2 [V]
# name 5 = v4: voltage, number  4 [V]
# name 6 = v6: voltage, number  6 [V]
# name 7 = scan: scan number
# name 8 = timeS: time [s]
# name 9 = flag:  0.000e+00
# span 0 = 0.500, 63.306                
# span 1 = 2.8768, 5.2866               
# span 2 = -4.041026, 28.552076         
# span 3 = 0.105, 1.473                 
# span 4 = 0.005, 4.309                 
# span 5 = 4.337e-18, 1.261             
# span 6 = 4.337e-18, 2.355             
# span 7 = 1, 15475                     
# span 8 = 0.000, 644.750               
# span 9 = 0.000e+00, 0.000e+00         
# interval = seconds: 0.0416667                   
# start_time = Mar 31 1998 17:05:16
# bad_flag = -9.990e-29
*END*
[from data line 8505]
      3.803     3.0542  28.425750      0.502      4.259      0.491      1.597       8506    354.375  0.000e+00
      3.740     3.0541  28.425303      0.501      4.259      0.487      1.595       8507    354.417  0.000e+00
      3.803     3.0542  28.424697      0.497      4.258      0.482      1.591       8508    354.458  0.000e+00
      3.819     3.0542  28.424346      0.495      4.258      0.479      1.590       8509    354.500  0.000e+00
      3.740     3.0540  28.424122      0.492      4.259      0.476      1.587       8510    354.542  0.000e+00
      3.803     3.0540  28.424059      0.491      4.261      0.474      1.587       8511    354.583  0.000e+00
      3.740     3.0538  28.424058      0.488      4.264      0.470      1.587       8512    354.625  0.000e+00
      3.756     3.0540  28.424058      0.487      4.264      0.468      1.587       8513    354.667  0.000e+00
      3.740     3.0538  28.424058      0.487      4.261      0.466      1.589       8514    354.708  0.000e+00
      3.803     3.0538  28.424059      0.486      4.260      0.469      1.590       8515    354.750  0.000e+00
      3.740     3.0538  28.424218      0.486      4.258      0.471      1.591       8516    354.792  0.000e+00
      3.701     3.0540  28.423803      0.484      4.258      0.474      1.592       8517    354.833  0.000e+00
      3.803     3.0538  28.424091      0.481      4.259      0.479      1.595       8518    354.875  0.000e+00
      3.740     3.0540  28.424186      0.480      4.261      0.482      1.596       8519    354.917  0.000e+00
      3.803     3.0538  28.423931      0.477      4.264      0.486      1.597       8520    354.958  0.000e+00
      3.740     3.0538  28.423995      0.476      4.263      0.491      1.600       8521    355.000  0.000e+00
      3.756     3.0537  28.424218      0.477      4.263      0.496      1.602       8522    355.042  0.000e+00
      3.740     3.0538  28.423963      0.481      4.263      0.501      1.606       8523    355.083  0.000e+00
      3.740     3.0538  28.423995      0.485      4.261      0.505      1.609       8524    355.125  0.000e+00
      3.803     3.0537  28.423899      0.488      4.260      0.508      1.614       8525    355.167  0.000e+00
      3.756     3.0537  28.423835      0.492      4.259      0.513      1.618       8526    355.208  0.000e+00
      3.740     3.0537  28.423835      0.495      4.260      0.518      1.621       8527    355.250  0.000e+00
      3.740     3.0538  28.423995      0.496      4.264      0.523      1.626       8528    355.292  0.000e+00
      3.803     3.0535  28.424059      0.496      4.263      0.527      1.631       8529    355.333  0.000e+00
      3.740     3.0540  28.423899      0.495      4.261      0.530      1.634       8530    355.375  0.000e+00
      3.756     3.0538  28.423676      0.493      4.261      0.532      1.636       8531    355.417  0.000e+00
      3.803     3.0537  28.423771      0.492      4.261      0.532      1.637       8532    355.458  0.000e+00
      3.803     3.0538  28.423740      0.491      4.264      0.532      1.637       8533    355.500  0.000e+00
      3.740     3.0538  28.423771      0.491      4.265      0.534      1.637       8534    355.542  0.000e+00
      3.819     3.0538  28.423676      0.490      4.266      0.532      1.636       8535    355.583  0.000e+00
      3.740     3.0538  28.423612      0.488      4.265      0.534      1.635       8536    355.625  0.000e+00
      3.803     3.0538  28.423771      0.488      4.264      0.532      1.634       8537    355.667  0.000e+00
      3.740     3.0538  28.423676      0.488      4.263      0.527      1.631       8538    355.708  0.000e+00
      3.819     3.0538  28.423931      0.486      4.264      0.525      1.629       8539    355.750  0.000e+00
      3.803     3.0540  28.424059      0.485      4.264      0.523      1.626       8540    355.792  0.000e+00
      3.740     3.0536  28.424218      0.482      4.264      0.519      1.624       8541    355.833  0.000e+00
      3.740     3.0538  28.424122      0.481      4.263      0.515      1.620       8542    355.875  0.000e+00
      3.803     3.0540  28.424537      0.479      4.261      0.510      1.617       8543    355.917  0.000e+00
      3.756     3.0537  28.424729      0.477      4.260      0.505      1.614       8544    355.958  0.000e+00
      3.803     3.0540  28.425207      0.476      4.259      0.503      1.613       8545    356.000  0.000e+00
      3.740     3.0538  28.425239      0.476      4.260      0.501      1.611       8546    356.042  0.000e+00
      3.740     3.0540  28.425079      0.476      4.261      0.498      1.609       8547    356.083  0.000e+00
      3.756     3.0538  28.425111      0.475      4.264      0.496      1.608       8548    356.125  0.000e+00
      3.740     3.0538  28.425175      0.474      4.264      0.493      1.607       8549    356.167  0.000e+00
      3.803     3.0538  28.425175      0.471      4.263      0.493      1.607       8550    356.208  0.000e+00
      3.740     3.0540  28.425494      0.470      4.261      0.491      1.606       8551    356.250  0.000e+00
      3.701     3.0541  28.425622      0.466      4.261      0.491      1.604       8552    356.292  0.000e+00
      3.740     3.0538  28.425303      0.464      4.260      0.493      1.604       8553    356.333  0.000e+00
      3.740     3.0540  28.425335      0.462      4.259      0.492      1.604       8554    356.375  0.000e+00
      3.740     3.0538  28.425558      0.459      4.258      0.491      1.603       8555    356.417  0.000e+00
      3.685     3.0540  28.425462      0.458      4.259      0.488      1.602       8556    356.458  0.000e+00
      3.756     3.0537  28.425239      0.455      4.260      0.486      1.601       8557    356.500  0.000e+00
      3.685     3.0538  28.425494      0.454      4.260      0.487      1.600       8558    356.542  0.000e+00
      3.740     3.0540  28.425654      0.452      4.261      0.488      1.597       8559    356.583  0.000e+00
      3.685     3.0540  28.425494      0.452      4.261      0.491      1.597       8560    356.625  0.000e+00
      3.701     3.0540  28.425558      0.452      4.261      0.493      1.597       8561    356.667  0.000e+00
      3.740     3.0538  28.425303      0.452      4.260      0.495      1.597       8562    356.708  0.000e+00
      3.685     3.0538  28.425175      0.453      4.260      0.496      1.597       8563    356.750  0.000e+00
      3.685     3.0538  28.425335      0.454      4.261      0.498      1.597       8564    356.792  0.000e+00
      3.701     3.0538  28.425558      0.455      4.261      0.498      1.597       8565    356.833  0.000e+00
      3.685     3.0538  28.425781      0.455      4.260      0.498      1.596       8566    356.875  0.000e+00
      3.740     3.0538  28.425686      0.455      4.260      0.498      1.595       8567    356.917  0.000e+00
      3.685     3.0537  28.425622      0.454      4.259      0.497      1.595       8568    356.958  0.000e+00
      3.685     3.0538  28.425303      0.454      4.259      0.498      1.595       8569    357.000  0.000e+00
      3.701     3.0537  28.425335      0.454      4.259      0.498      1.596       8570    357.042  0.000e+00
      3.740     3.0538  28.425239      0.452      4.260      0.496      1.597       8571    357.083  0.000e+00
      3.685     3.0536  28.425207      0.452      4.261      0.493      1.597       8572    357.125  0.000e+00
      3.685     3.0537  28.424696      0.451      4.261      0.488      1.596       8573    357.167  0.000e+00
      3.701     3.0535  28.424665      0.449      4.255      0.485      1.595       8574    357.208  0.000e+00
      3.740     3.0537  28.424409      0.449      4.233      0.479      1.595       8575    357.250  0.000e+00
      3.685     3.0536  28.423963      0.448      4.221      0.474      1.595       8576    357.292  0.000e+00
      3.740     3.0538  28.423516      0.447      4.231      0.466      1.593       8577    357.333  0.000e+00
      3.701     3.0537  28.423388      0.444      4.241      0.464      1.592       8578    357.375  0.000e+00
      3.740     3.0534  28.423038      0.442      4.242      0.460      1.590       8579    357.417  0.000e+00
      3.740     3.0537  28.422240      0.441      4.244      0.459      1.587       8580    357.458  0.000e+00
      3.740     3.0535  28.421698      0.440      4.248      0.459      1.585       8581    357.500  0.000e+00
      3.740     3.0535  28.422240      0.440      4.252      0.459      1.584       8582    357.542  0.000e+00
      3.756     3.0536  28.423133      0.440      4.253      0.464      1.584       8583    357.583  0.000e+00
      3.803     3.0535  28.423548      0.440      4.254      0.468      1.584       8584    357.625  0.000e+00
      3.740     3.0537  28.424282      0.440      4.255      0.473      1.585       8585    357.667  0.000e+00
      3.803     3.0538  28.424537      0.442      4.258      0.475      1.585       8586    357.708  0.000e+00
      3.756     3.0535  28.424856      0.443      4.260      0.476      1.587       8587    357.750  0.000e+00
      3.803     3.0535  28.423963      0.446      4.264      0.476      1.587       8588    357.792  0.000e+00
      3.803     3.0534  28.423452      0.449      4.263      0.476      1.587       8589    357.833  0.000e+00
      3.858     3.0535  28.422208      0.453      4.263      0.476      1.587       8590    357.875  0.000e+00
      3.803     3.0535  28.422272      0.457      4.261      0.476      1.587       8591    357.917  0.000e+00
      3.819     3.0535  28.422783      0.460      4.260      0.476      1.585       8592    357.958  0.000e+00
      3.803     3.0534  28.422432      0.463      4.260      0.477      1.585       8593    358.000  0.000e+00
      3.858     3.0537  28.422559      0.464      4.263      0.479      1.582       8594    358.042  0.000e+00
      3.858     3.0535  28.423197      0.464      4.263      0.479      1.581       8595    358.083  0.000e+00
      3.874     3.0538  28.423708      0.464      4.263      0.481      1.580       8596    358.125  0.000e+00
      3.858     3.0537  28.423165      0.463      4.264      0.481      1.579       8597    358.167  0.000e+00
      3.858     3.0537  28.423070      0.462      4.265      0.484      1.579       8598    358.208  0.000e+00
      3.858     3.0537  28.423134      0.460      4.265      0.485      1.579       8599    358.250  0.000e+00
      3.874     3.0538  28.423804      0.458      4.264      0.486      1.580       8600    358.292  0.000e+00
      3.913     3.0535  28.423963      0.455      4.261      0.488      1.581       8601    358.333  0.000e+00
      3.858     3.0538  28.423995      0.452      4.259      0.492      1.584       8602    358.375  0.000e+00
      3.913     3.0536  28.424059      0.451      4.258      0.493      1.587       8603    358.417  0.000e+00
      3.913     3.0537  28.423899      0.449      4.259      0.496      1.591       8604    358.458  0.000e+00
      3.936     3.0537  28.424314      0.448      4.259      0.498      1.595       8605    358.500  0.000e+00
      3.913     3.0537  28.424506      0.447      4.260      0.498      1.598       8606    358.542  0.000e+00
      3.858     3.0536  28.424505      0.446      4.260      0.498      1.601       8607    358.583  0.000e+00
      3.976     3.0538  28.424346      0.446      4.260      0.496      1.603       8608    358.625  0.000e+00
      3.936     3.0537  28.424282      0.446      4.259      0.495      1.604       8609    358.667  0.000e+00
      3.913     3.0536  28.424282      0.444      4.259      0.493      1.604       8610    358.708  0.000e+00
      3.976     3.0537  28.424282      0.444      4.259      0.491      1.604       8611    358.750  0.000e+00
      3.913     3.0535  28.424442      0.444      4.259      0.490      1.603       8612    358.792  0.000e+00
      3.913     3.0538  28.424346      0.444      4.260      0.488      1.602       8613    358.833  0.000e+00
      3.992     3.0537  28.424314      0.444      4.260      0.486      1.601       8614    358.875  0.000e+00
      3.913     3.0537  28.424314      0.444      4.259      0.484      1.600       8615    358.917  0.000e+00
      3.976     3.0538  28.424282      0.444      4.259      0.481      1.598       8616    358.958  0.000e+00
      3.976     3.0536  28.423804      0.444      4.259      0.479      1.596       8617    359.000  0.000e+00
      3.936     3.0537  28.423931      0.444      4.259      0.476      1.593       8618    359.042  0.000e+00
      3.913     3.0537  28.423740      0.446      4.258      0.471      1.592       8619    359.083  0.000e+00
      3.976     3.0536  28.423931      0.446      4.258      0.466      1.587       8620    359.125  0.000e+00
      3.976     3.0537  28.423900      0.446      4.258      0.462      1.584       8621    359.167  0.000e+00
      3.913     3.0537  28.423836      0.444      4.256      0.457      1.580       8622    359.208  0.000e+00
      3.936     3.0538  28.423517      0.444      4.256      0.452      1.576       8623    359.250  0.000e+00
      3.976     3.0540  28.423198      0.444      4.258      0.447      1.571       8624    359.292  0.000e+00
      3.976     3.0538  28.423134      0.443      4.256      0.444      1.568       8625    359.333  0.000e+00
      3.913     3.0537  28.423325      0.443      4.256      0.440      1.563       8626    359.375  0.000e+00
      3.936     3.0538  28.423389      0.442      4.258      0.437      1.558       8627    359.417  0.000e+00
      3.976     3.0540  28.423102      0.441      4.258      0.433      1.553       8628    359.458  0.000e+00
      3.913     3.0537  28.423261      0.440      4.258      0.430      1.549       8629    359.500  0.000e+00
      3.913     3.0540  28.423389      0.438      4.259      0.427      1.547       8630    359.542  0.000e+00
      3.936     3.0540  28.423389      0.438      4.260      0.427      1.546       8631    359.583  0.000e+00
      3.913     3.0538  28.423197      0.441      4.259      0.427      1.546       8632    359.625  0.000e+00
      3.858     3.0540  28.423325      0.443      4.260      0.430      1.546       8633    359.667  0.000e+00
      3.913     3.0540  28.423548      0.447      4.260      0.433      1.546       8634    359.708  0.000e+00
      3.913     3.0538  28.423261      0.451      4.261      0.437      1.548       8635    359.750  0.000e+00
      3.874     3.0540  28.423134      0.454      4.260      0.444      1.549       8636    359.792  0.000e+00
      3.913     3.0540  28.423325      0.455      4.260      0.452      1.553       8637    359.833  0.000e+00
      3.858     3.0537  28.423197      0.457      4.260      0.458      1.554       8638    359.875  0.000e+00
      3.913     3.0540  28.423325      0.458      4.260      0.463      1.558       8639    359.917  0.000e+00
      3.874     3.0540  28.423389      0.459      4.260      0.466      1.560       8640    359.958  0.000e+00
      3.858     3.0540  28.423038      0.459      4.261      0.469      1.563       8641    360.000  0.000e+00
      3.858     3.0540  28.422751      0.459      4.261      0.469      1.565       8642    360.042  0.000e+00
      3.858     3.0540  28.422591      0.460      4.261      0.471      1.568       8643    360.083  0.000e+00
      3.858     3.0540  28.422495      0.462      4.261      0.470      1.570       8644    360.125  0.000e+00
      3.874     3.0540  28.422304      0.462      4.261      0.470      1.573       8645    360.167  0.000e+00
      3.858     3.0540  28.422081      0.462      4.261      0.471      1.575       8646    360.208  0.000e+00
      3.858     3.0542  28.422017      0.463      4.261      0.469      1.576       8647    360.250  0.000e+00
      3.858     3.0540  28.421347      0.464      4.260      0.469      1.578       8648    360.292  0.000e+00
