testfiles/govdocs/439/439711.txt
* Sea-Bird SBE 9 Raw Data File:
* FileName = C:\CRUISE\OC320\CAST04.DAT
* Software Version 4.222
* Temperature SN = 2265
* Conductivity SN = 1859
* Number of Bytes Per Scan = 27
* Number of Voltage Words = 5
* System UpLoad Time = Mar 31 1998 17:05:16
* NMEA Latitude = 43 47.55 N
* NMEA Longitude = 066 22.11 W
* NMEA UTC (Time) = 22:07:12
** R/V OCEANUS cast4
** OC320  
** Station # cast4
** scotian shelf mooring site
# nquan = 10
# nvalues = 15475                   
# units = metric
# name 0 = pr: pressure [db]
# name 1 = t068: temperature, IPTS-68 [deg C]
# name 2 = c0mS/cm: conductivity [mS/cm]
# name 3 = v1: voltage, number  1 [V]
# name 4 = v2: voltage, number  2 [V]
# name 5 = v4: voltage, number  4 [V]
# name 6 = v6: voltage, number  6 [V]
# name 7 = scan: scan number
# name 8 = timeS: time [s]
# name 9 = flag:  0.000e+00
# span 0 = 0.500, 63.306                
# span 1 = 2.8768, 5.2866               
# span 2 = -4.041026, 28.552076         
# span 3 = 0.105, 1.473                 
# span 4 = 0.005, 4.309                 
# span 5 = 4.337e-18, 1.261             
# span 6 = 4.337e-18, 2.355             
# span 7 = 1, 15475                     
# span 8 = 0.000, 644.750               
# span 9 = 0.000e+00, 0.000e+00         
# interval = seconds: 0.0416667                   
# start_time = Mar 31 1998 17:05:16
# bad_flag = -9.990e-29
*END*
[from data line 6343]
     23.275     2.9150  28.429453      0.426      4.214      0.000      0.173       6344    264.292  0.000e+00
     23.275     2.9149  28.429325      0.426      4.217      0.000      0.173       6345    264.333  0.000e+00
     23.275     2.9150  28.429804      0.425      4.219      0.000      0.173       6346    264.375  0.000e+00
     23.244     2.9155  28.430155      0.425      4.220      0.000      0.173       6347    264.417  0.000e+00
     23.275     2.9158  28.430378      0.425      4.220      0.000      0.172       6348    264.458  0.000e+00
     23.275     2.9162  28.430920      0.425      4.222      0.000      0.172       6349    264.500  0.000e+00
     23.275     2.9163  28.430793      0.425      4.226      0.000      0.172       6350    264.542  0.000e+00
     23.338     2.9163  28.430665      0.426      4.227      0.000      0.171       6351    264.583  0.000e+00
     23.338     2.9163  28.430697      0.426      4.228      0.000      0.171       6352    264.625  0.000e+00
     23.244     2.9164  28.430825      0.427      4.228      0.000      0.170       6353    264.667  0.000e+00
     23.338     2.9164  28.430729      0.427      4.227      0.000      0.168       6354    264.708  0.000e+00
     23.338     2.9163  28.430665      0.426      4.225      0.000      0.168       6355    264.750  0.000e+00
     23.338     2.9160  28.429995      0.425      4.222      0.000      0.167       6356    264.792  0.000e+00
     23.393     2.9154  28.429932      0.422      4.222      0.000      0.166       6357    264.833  0.000e+00
     23.393     2.9155  28.430155      0.421      4.223      0.000      0.166       6358    264.875  0.000e+00
     23.425     2.9155  28.429549      0.419      4.225      0.000      0.164       6359    264.917  0.000e+00
     23.393     2.9149  28.429166      0.418      4.223      0.000      0.162       6360    264.958  0.000e+00
     23.448     2.9144  28.428943      0.416      4.223      0.000      0.161       6361    265.000  0.000e+00
     23.448     2.9142  28.428751      0.415      4.227      0.000      0.159       6362    265.042  0.000e+00
     23.511     2.9141  28.429326      0.415      4.232      0.000      0.158       6363    265.083  0.000e+00
     23.425     2.9141  28.429230      0.414      4.232      0.000      0.156       6364    265.125  0.000e+00
     23.566     2.9134  28.428241      0.413      4.236      0.000      0.154       6365    265.167  0.000e+00
     23.511     2.9128  28.427475      0.413      4.232      0.000      0.153       6366    265.208  0.000e+00
     23.566     2.9117  28.426806      0.413      4.227      0.000      0.150       6367    265.250  0.000e+00
     23.566     2.9111  28.425944      0.413      4.226      0.000      0.149       6368    265.292  0.000e+00
     23.566     2.9106  28.425689      0.414      4.226      0.000      0.147       6369    265.333  0.000e+00
     23.653     2.9119  28.426870      0.414      4.225      0.000      0.144       6370    265.375  0.000e+00
     23.629     2.9123  28.427763      0.414      4.223      0.000      0.143       6371    265.417  0.000e+00
     23.629     2.9136  28.428816      0.415      4.222      0.000      0.140       6372    265.458  0.000e+00
     23.747     2.9144  28.429103      0.415      4.222      0.000      0.139       6373    265.500  0.000e+00
     23.629     2.9149  28.429422      0.415      4.222      0.000      0.137       6374    265.542  0.000e+00
     23.771     2.9152  28.429550      0.415      4.220      0.000      0.134       6375    265.583  0.000e+00
     23.747     2.9155  28.430379      0.416      4.222      0.000      0.133       6376    265.625  0.000e+00
     23.684     2.9160  28.430347      0.418      4.226      0.000      0.131       6377    265.667  0.000e+00
     23.802     2.9162  28.430539      0.420      4.227      0.000      0.129       6378    265.708  0.000e+00
     23.802     2.9163  28.430826      0.422      4.228      0.000      0.127       6379    265.750  0.000e+00
     23.858     2.9163  28.431050      0.425      4.231      0.000      0.125       6380    265.792  0.000e+00
     23.826     2.9164  28.430794      0.427      4.232      0.000      0.123       6381    265.833  0.000e+00
     23.858     2.9163  28.431050      0.430      4.232      0.000      0.122       6382    265.875  0.000e+00
     23.858     2.9164  28.430794      0.433      4.231      0.000      0.120       6383    265.917  0.000e+00
     23.858     2.9164  28.430826      0.437      4.232      0.000      0.118       6384    265.958  0.000e+00
     23.976     2.9164  28.431050      0.440      4.236      0.000      0.117       6385    266.000  0.000e+00
     23.889     2.9162  28.430795      0.442      4.234      0.000      0.115       6386    266.042  0.000e+00
     23.921     2.9162  28.430826      0.444      4.232      0.000      0.114       6387    266.083  0.000e+00
     23.921     2.9164  28.431241      0.444      4.231      0.000      0.112       6388    266.125  0.000e+00
     23.976     2.9162  28.431018      0.444      4.231      0.000      0.110       6389    266.167  0.000e+00
     23.976     2.9161  28.430412      0.444      4.227      0.000      0.109       6390    266.208  0.000e+00
     24.007     2.9160  28.430380      0.444      4.225      0.000      0.107       6391    266.250  0.000e+00
     23.976     2.9160  28.430348      0.443      4.221      0.000      0.106       6392    266.292  0.000e+00
     23.976     2.9155  28.430571      0.442      4.219      0.000      0.105       6393    266.333  0.000e+00
     23.976     2.9157  28.430348      0.442      4.217      0.000      0.105       6394    266.375  0.000e+00
     24.039     2.9154  28.430061      0.442      4.217      0.000      0.104       6395    266.417  0.000e+00
     23.976     2.9154  28.430157      0.441      4.222      0.000      0.103       6396    266.458  0.000e+00
     24.007     2.9154  28.430221      0.442      4.225      0.000      0.103       6397    266.500  0.000e+00
     23.976     2.9152  28.430380      0.443      4.222      0.000      0.101       6398    266.542  0.000e+00
     23.976     2.9155  28.430603      0.446      4.222      0.000      0.101       6399    266.583  0.000e+00
     24.039     2.9157  28.430189      0.449      4.225      0.000      0.100       6400    266.625  0.000e+00
     24.039     2.9154  28.429997      0.454      4.230      0.000      0.100       6401    266.667  0.000e+00
     24.007     2.9154  28.430316      0.458      4.232      0.000      0.100       6402    266.708  0.000e+00
     23.976     2.9154  28.430284      0.462      4.232      0.000      0.100       6403    266.750  0.000e+00
     23.976     2.9152  28.430061      0.463      4.231      0.000      0.100       6404    266.792  0.000e+00
     24.039     2.9152  28.429838      0.464      4.227      0.000      0.100       6405    266.833  0.000e+00
     23.976     2.9154  28.429933      0.464      4.221      0.000      0.101       6406    266.875  0.000e+00
     24.007     2.9150  28.429997      0.463      4.221      0.000      0.101       6407    266.917  0.000e+00
     23.976     2.9150  28.429997      0.462      4.221      0.000      0.101       6408    266.958  0.000e+00
     23.976     2.9150  28.430316      0.462      4.220      0.000      0.103       6409    267.000  0.000e+00
     23.976     2.9154  28.430284      0.459      4.220      0.000      0.103       6410    267.042  0.000e+00
     23.976     2.9163  28.430763      0.458      4.222      0.000      0.104       6411    267.083  0.000e+00
     23.944     2.9164  28.431050      0.457      4.221      0.000      0.105       6412    267.125  0.000e+00
     23.921     2.9163  28.430954      0.454      4.225      0.000      0.105       6413    267.167  0.000e+00
     23.921     2.9157  28.430731      0.453      4.225      0.000      0.106       6414    267.208  0.000e+00
     23.921     2.9155  28.430507      0.451      4.226      0.000      0.107       6415    267.250  0.000e+00
     23.921     2.9155  28.430444      0.447      4.226      0.000      0.107       6416    267.292  0.000e+00
     23.858     2.9154  28.430444      0.444      4.222      0.000      0.109       6417    267.333  0.000e+00
     23.889     2.9155  28.430284      0.442      4.219      0.000      0.110       6418    267.375  0.000e+00
     23.921     2.9157  28.430380      0.441      4.220      0.000      0.111       6419    267.417  0.000e+00
     23.858     2.9160  28.430475      0.443      4.225      0.000      0.112       6420    267.458  0.000e+00
     23.803     2.9157  28.430603      0.448      4.227      0.000      0.114       6421    267.500  0.000e+00
     23.858     2.9158  28.430188      0.455      4.227      0.000      0.115       6422    267.542  0.000e+00
     23.772     2.9149  28.429678      0.464      4.226      0.000      0.117       6423    267.583  0.000e+00
     23.748     2.9152  28.429869      0.471      4.226      0.000      0.118       6424    267.625  0.000e+00
     23.858     2.9152  28.429837      0.479      4.227      0.000      0.120       6425    267.667  0.000e+00
     23.748     2.9150  28.429614      0.482      4.227      0.000      0.122       6426    267.708  0.000e+00
     23.748     2.9149  28.430028      0.485      4.226      0.000      0.123       6427    267.750  0.000e+00
     23.717     2.9159  28.430539      0.485      4.220      0.000      0.125       6428    267.792  0.000e+00
     23.748     2.9163  28.430507      0.486      4.216      0.000      0.127       6429    267.833  0.000e+00
     23.630     2.9160  28.430347      0.486      4.217      0.000      0.128       6430    267.875  0.000e+00
     23.685     2.9157  28.430571      0.485      4.220      0.000      0.129       6431    267.917  0.000e+00
     23.630     2.9163  28.430507      0.484      4.222      0.000      0.132       6432    267.958  0.000e+00
     23.685     2.9163  28.430443      0.481      4.222      0.000      0.133       6433    268.000  0.000e+00
     23.536     2.9163  28.430762      0.480      4.220      0.000      0.134       6434    268.042  0.000e+00
     23.630     2.9166  28.430730      0.479      4.219      0.000      0.137       6435    268.083  0.000e+00
     23.567     2.9168  28.431176      0.477      4.217      0.000      0.139       6436    268.125  0.000e+00
     23.567     2.9168  28.431017      0.476      4.219      0.000      0.140       6437    268.167  0.000e+00
     23.512     2.9167  28.431049      0.476      4.220      0.000      0.142       6438    268.208  0.000e+00
     23.536     2.9166  28.431017      0.477      4.219      0.000      0.144       6439    268.250  0.000e+00
     23.512     2.9168  28.431049      0.477      4.217      0.000      0.145       6440    268.292  0.000e+00
     23.449     2.9164  28.430953      0.479      4.219      0.000      0.147       6441    268.333  0.000e+00
     23.512     2.9168  28.430730      0.480      4.222      0.000      0.149       6442    268.375  0.000e+00
     23.449     2.9164  28.430825      0.480      4.225      0.000      0.149       6443    268.417  0.000e+00
     23.449     2.9162  28.430729      0.481      4.223      0.000      0.151       6444    268.458  0.000e+00
     23.426     2.9162  28.430506      0.481      4.221      0.000      0.153       6445    268.500  0.000e+00
     23.394     2.9162  28.430283      0.481      4.219      0.000      0.154       6446    268.542  0.000e+00
     23.394     2.9160  28.430219      0.482      4.217      0.000      0.156       6447    268.583  0.000e+00
     23.394     2.9153  28.429549      0.484      4.217      0.000      0.156       6448    268.625  0.000e+00
     23.394     2.9136  28.428017      0.484      4.216      0.000      0.159       6449    268.667  0.000e+00
     23.394     2.9124  28.427379      0.485      4.217      0.000      0.159       6450    268.708  0.000e+00
     23.308     2.9120  28.426805      0.486      4.217      0.000      0.160       6451    268.750  0.000e+00
     23.394     2.9122  28.427092      0.486      4.219      0.000      0.161       6452    268.792  0.000e+00
     23.339     2.9132  28.427762      0.486      4.217      0.000      0.162       6453    268.833  0.000e+00
     23.339     2.9128  28.427634      0.484      4.216      0.000      0.162       6454    268.875  0.000e+00
     23.277     2.9130  28.427188      0.482      4.216      0.000      0.164       6455    268.917  0.000e+00
     23.363     2.9124  28.427060      0.480      4.216      0.000      0.164       6456    268.958  0.000e+00
     23.340     2.9123  28.426901      0.477      4.217      0.000      0.165       6457    269.000  0.000e+00
     23.277     2.9117  28.426677      0.475      4.216      0.000      0.166       6458    269.042  0.000e+00
     23.340     2.9111  28.426454      0.473      4.217      0.000      0.166       6459    269.083  0.000e+00
     23.340     2.9109  28.425912      0.470      4.217      0.000      0.165       6460    269.125  0.000e+00
     23.340     2.9106  28.425561      0.469      4.217      0.000      0.166       6461    269.167  0.000e+00
     23.245     2.9104  28.425305      0.465      4.216      0.000      0.166       6462    269.208  0.000e+00
     23.340     2.9103  28.425242      0.466      4.217      0.000      0.166       6463    269.250  0.000e+00
     23.340     2.9103  28.424923      0.471      4.220      0.000      0.166       6464    269.292  0.000e+00
     23.340     2.9100  28.424795      0.479      4.221      0.000      0.166       6465    269.333  0.000e+00
     23.340     2.9095  28.424636      0.488      4.222      0.000      0.166       6466    269.375  0.000e+00
     23.340     2.9090  28.424093      0.498      4.222      0.000      0.165       6467    269.417  0.000e+00
     23.363     2.9090  28.423902      0.508      4.221      0.000      0.164       6468    269.458  0.000e+00
     23.340     2.9087  28.423583      0.515      4.220      0.000      0.164       6469    269.500  0.000e+00
     23.340     2.9087  28.423615      0.518      4.219      0.000      0.164       6470    269.542  0.000e+00
     23.395     2.9084  28.423519      0.518      4.219      0.000      0.162       6471    269.583  0.000e+00
     23.395     2.9084  28.423455      0.516      4.216      0.000      0.162       6472    269.625  0.000e+00
     23.363     2.9083  28.423455      0.514      4.209      0.000      0.161       6473    269.667  0.000e+00
     23.450     2.9082  28.423487      0.512      4.201      0.000      0.160       6474    269.708  0.000e+00
     23.395     2.9084  28.423806      0.508      4.205      0.000      0.159       6475    269.750  0.000e+00
     23.450     2.9087  28.423902      0.505      4.209      0.000      0.159       6476    269.792  0.000e+00
     23.450     2.9084  28.423743      0.503      4.215      0.000      0.156       6477    269.833  0.000e+00
     23.450     2.9086  28.423838      0.501      4.220      0.000      0.156       6478    269.875  0.000e+00
     23.481     2.9082  28.423583      0.497      4.221      0.000      0.155       6479    269.917  0.000e+00
     23.450     2.9084  28.423775      0.495      4.221      0.000      0.154       6480    269.958  0.000e+00
     23.513     2.9083  28.423743      0.491      4.221      0.000      0.151       6481    270.000  0.000e+00
     23.513     2.9084  28.423839      0.488      4.221      0.000      0.150       6482    270.042  0.000e+00
     23.568     2.9087  28.424222      0.486      4.220      0.000      0.149       6483    270.083  0.000e+00
     23.536     2.9088  28.424190      0.484      4.222      0.000      0.148       6484    270.125  0.000e+00
     23.568     2.9088  28.424126      0.481      4.226      0.000      0.147       6485    270.167  0.000e+00
     23.568     2.9092  28.424285      0.479      4.227      0.000      0.144       6486    270.208  0.000e+00
