testfiles/govdocs/355/355538.txt
* Sea-Bird SBE 9 Raw Data File:
* FileName = C:\CRUISE\OC320\CAST37.DAT
* Software Version 4.222
* Temperature SN = 2265
* Conductivity SN = 1859
* Number of Bytes Per Scan = 27
* Number of Voltage Words = 5
* System UpLoad Time = Apr 02 1998 20:08:44
* NMEA Latitude = 43 41.11 N
* NMEA Longitude = 069 56.19 W
* NMEA UTC (Time) = 01:10:44
** R/V OCEANUS cast37
** OC320  
** Station # cast37
**  second line west of Cape Small
# nquan = 10
# nvalues = 6652                        
# units = metric
# name 0 = pr: pressure [db]
# name 1 = t068: temperature, IPTS-68 [deg C]
# name 2 = c0mS/cm: conductivity [mS/cm]
# name 3 = v1: voltage, number  1 [V]
# name 4 = v2: voltage, number  2 [V]
# name 5 = v4: voltage, number  4 [V]
# name 6 = v6: voltage, number  6 [V]
# name 7 = scan: scan number
# name 8 = timeS: time [s]
# name 9 = flag:  0.000e+00
# span 0 = 0.670, 38.323                          
# span 1 = 2.9437, 4.6516                         
# span 2 = -3.928673, 28.662600                   
# span 3 = 0.077, 1.819                           
# span 4 = 0.002, 4.632                           
# span 5 = 0.000, 0.884                           
# span 6 = 0.000, 2.032                           
# span 7 = 1, 6652                                
# span 8 = 0.000, 277.125                         
# span 9 = 0.000e+00, 0.000e+00                   
# interval = seconds: 0.0416667                   
# start_time = Apr 02 1998 20:08:44
# bad_flag = -9.990e-29
*END*
[from data line 5910]
      1.184     4.3558  21.590342      0.269      0.158      0.503      1.402       5911    246.250  0.000e+00
      1.113     4.3557  21.590285      0.260      0.252      0.503      1.402       5912    246.292  0.000e+00
      1.168     4.3557  21.590483      0.253      0.342      0.504      1.400       5913    246.333  0.000e+00
      1.129     4.3552  21.590568      0.245      0.299      0.504      1.400       5914    246.375  0.000e+00
      1.286     4.3551  21.590540      0.238      0.205      0.505      1.402       5915    246.417  0.000e+00
      1.168     4.3547  21.590710      0.232      0.170      0.508      1.402       5916    246.458  0.000e+00
      1.168     4.3547  21.590880      0.225      0.153      0.509      1.403       5917    246.500  0.000e+00
      1.184     4.3544  21.590937      0.219      0.165      0.512      1.404       5918    246.542  0.000e+00
      1.168     4.3541  21.590937      0.212      0.223      0.514      1.407       5919    246.583  0.000e+00
      1.231     4.3541  21.590937      0.208      0.225      0.515      1.409       5920    246.625  0.000e+00
      1.184     4.3539  21.591163      0.203      0.219      0.518      1.413       5921    246.667  0.000e+00
      1.231     4.3541  21.591248      0.198      0.733      0.520      1.415       5922    246.708  0.000e+00
      1.286     4.3534  21.591163      0.193      1.465      0.521      1.419       5923    246.750  0.000e+00
      1.184     4.3536  21.591106      0.188      1.972      0.523      1.421       5924    246.792  0.000e+00
      1.286     4.3534  21.591362      0.183      2.264      0.524      1.425       5925    246.833  0.000e+00
      1.231     4.3533  21.591220      0.178      2.438      0.525      1.429       5926    246.875  0.000e+00
      1.247     4.3533  21.591362      0.175      2.545      0.526      1.431       5927    246.917  0.000e+00
      1.231     4.3531  21.591475      0.175      2.602      0.526      1.433       5928    246.958  0.000e+00
      1.286     4.3533  21.591475      0.182      2.630      0.527      1.436       5929    247.000  0.000e+00
      1.349     4.3529  21.591333      0.195      2.651      0.527      1.438       5930    247.042  0.000e+00
      1.302     4.3528  21.591277      0.212      2.673      0.527      1.441       5931    247.083  0.000e+00
      1.286     4.3528  21.591163      0.233      2.690      0.529      1.442       5932    247.125  0.000e+00
      1.286     4.3526  21.591220      0.254      2.701      0.530      1.443       5933    247.167  0.000e+00
      1.302     4.3529  21.591022      0.277      2.708      0.530      1.444       5934    247.208  0.000e+00
      1.349     4.3528  21.590937      0.302      2.707      0.531      1.444       5935    247.250  0.000e+00
      1.286     4.3524  21.590767      0.327      2.694      0.532      1.446       5936    247.292  0.000e+00
      1.420     4.3526  21.590626      0.352      2.681      0.532      1.444       5937    247.333  0.000e+00
      1.286     4.3524  21.589917      0.376      2.679      0.534      1.444       5938    247.375  0.000e+00
      1.349     4.3526  21.589295      0.400      2.679      0.534      1.443       5939    247.417  0.000e+00
      1.184     4.3529  21.589039      0.424      2.678      0.535      1.443       5940    247.458  0.000e+00
      1.522     4.3534  21.588983      0.446      2.679      0.535      1.441       5941    247.500  0.000e+00
      1.349     4.3539  21.588728      0.466      2.679      0.535      1.441       5942    247.542  0.000e+00
      1.286     4.3541  21.588870      0.487      2.675      0.536      1.438       5943    247.583  0.000e+00
      1.302     4.3546  21.588558      0.505      2.670      0.536      1.437       5944    247.625  0.000e+00
      1.349     4.3547  21.588417      0.524      2.669      0.535      1.436       5945    247.667  0.000e+00
      1.349     4.3551  21.588445      0.540      2.672      0.535      1.433       5946    247.708  0.000e+00
      1.302     4.3553  21.588445      0.554      2.672      0.534      1.432       5947    247.750  0.000e+00
      1.349     4.3552  21.588445      0.568      2.669      0.532      1.431       5948    247.792  0.000e+00
      1.286     4.3555  21.588190      0.580      2.662      0.532      1.430       5949    247.833  0.000e+00
      1.302     4.3557  21.588190      0.592      2.656      0.531      1.429       5950    247.875  0.000e+00
      1.286     4.3557  21.587992      0.604      2.654      0.530      1.427       5951    247.917  0.000e+00
      1.349     4.3558  21.588162      0.615      2.659      0.529      1.426       5952    247.958  0.000e+00
      1.286     4.3555  21.588247      0.626      2.667      0.527      1.424       5953    248.000  0.000e+00
      1.302     4.3557  21.588388      0.637      2.667      0.526      1.422       5954    248.042  0.000e+00
      1.349     4.3558  21.588303      0.647      2.647      0.526      1.421       5955    248.083  0.000e+00
      1.286     4.3557  21.588133      0.658      2.623      0.526      1.420       5956    248.125  0.000e+00
      1.302     4.3558  21.588190      0.669      2.620      0.525      1.419       5957    248.167  0.000e+00
      1.286     4.3557  21.588388      0.679      2.635      0.525      1.419       5958    248.208  0.000e+00
      1.286     4.3555  21.588445      0.689      2.650      0.526      1.419       5959    248.250  0.000e+00
      1.357     4.3555  21.588445      0.698      2.650      0.527      1.419       5960    248.292  0.000e+00
      1.286     4.3552  21.588416      0.708      2.652      0.529      1.419       5961    248.333  0.000e+00
      1.286     4.3551  21.588558      0.716      2.665      0.530      1.419       5962    248.375  0.000e+00
      1.302     4.3549  21.588360      0.723      2.680      0.532      1.420       5963    248.417  0.000e+00
      1.286     4.3549  21.588247      0.730      2.692      0.534      1.421       5964    248.458  0.000e+00
      1.286     4.3547  21.588247      0.736      2.697      0.536      1.421       5965    248.500  0.000e+00
      1.286     4.3547  21.588133      0.742      2.701      0.538      1.421       5966    248.542  0.000e+00
      1.357     4.3547  21.587964      0.748      2.706      0.540      1.421       5967    248.583  0.000e+00
      1.231     4.3544  21.587793      0.753      2.708      0.542      1.421       5968    248.625  0.000e+00
      1.286     4.3546  21.587822      0.758      2.711      0.543      1.421       5969    248.667  0.000e+00
      1.302     4.3547  21.587624      0.763      2.708      0.545      1.421       5970    248.708  0.000e+00
      1.231     4.3546  21.587425      0.768      2.709      0.547      1.420       5971    248.750  0.000e+00
      1.286     4.3542  21.587256      0.774      2.713      0.545      1.419       5972    248.792  0.000e+00
      1.302     4.3544  21.587312      0.780      2.713      0.543      1.416       5973    248.833  0.000e+00
      1.231     4.3544  21.587114      0.789      2.714      0.542      1.414       5974    248.875  0.000e+00
      1.286     4.3546  21.586887      0.797      2.717      0.542      1.411       5975    248.917  0.000e+00
      1.247     4.3549  21.586576      0.806      2.719      0.540      1.409       5976    248.958  0.000e+00
      1.286     4.3547  21.586718      0.814      2.722      0.537      1.407       5977    249.000  0.000e+00
      1.168     4.3549  21.586547      0.822      2.723      0.536      1.404       5978    249.042  0.000e+00
      1.286     4.3549  21.586349      0.827      2.723      0.534      1.402       5979    249.083  0.000e+00
      1.184     4.3551  21.586406      0.830      2.722      0.532      1.399       5980    249.125  0.000e+00
      1.231     4.3551  21.586208      0.833      2.719      0.529      1.397       5981    249.167  0.000e+00
      1.231     4.3552  21.586009      0.835      2.717      0.526      1.394       5982    249.208  0.000e+00
      1.247     4.3551  21.585953      0.839      2.711      0.524      1.392       5983    249.250  0.000e+00
      1.286     4.3552  21.586208      0.842      2.703      0.523      1.389       5984    249.292  0.000e+00
      1.231     4.3552  21.586406      0.850      2.676      0.519      1.387       5985    249.333  0.000e+00
      1.184     4.3552  21.586859      0.856      2.648      0.516      1.385       5986    249.375  0.000e+00
      1.231     4.3552  21.587255      0.863      2.611      0.515      1.382       5987    249.417  0.000e+00
      1.231     4.3552  21.587765      0.882      2.515      0.513      1.380       5988    249.458  0.000e+00
      1.184     4.3549  21.588161      0.930      2.468      0.512      1.377       5989    249.500  0.000e+00
      1.231     4.3551  21.588388      1.013      2.502      0.510      1.376       5990    249.542  0.000e+00
      1.231     4.3547  21.588558      1.117      2.546      0.509      1.375       5991    249.583  0.000e+00
      1.168     4.3544  21.589011      1.231      2.570      0.510      1.375       5992    249.625  0.000e+00
      1.184     4.3542  21.589039      1.348      2.600      0.513      1.376       5993    249.667  0.000e+00
      1.168     4.3539  21.589379      1.443      2.632      0.514      1.377       5994    249.708  0.000e+00
      1.231     4.3536  21.589861      1.499      2.654      0.516      1.377       5995    249.750  0.000e+00
      1.184     4.3531  21.590002      1.526      2.664      0.518      1.380       5996    249.792  0.000e+00
      1.168     4.3524  21.590030      1.534      2.674      0.523      1.380       5997    249.833  0.000e+00
      1.231     4.3518  21.590285      1.530      2.681      0.525      1.382       5998    249.875  0.000e+00
      1.129     4.3507  21.590512      1.516      2.684      0.529      1.385       5999    249.917  0.000e+00
      1.168     4.3494  21.590569      1.492      2.689      0.531      1.387       6000    249.958  0.000e+00
      1.231     4.3486  21.590569      1.458      2.695      0.535      1.389       6001    250.000  0.000e+00
      1.129     4.3481  21.590654      1.419      2.698      0.536      1.392       6002    250.042  0.000e+00
      1.231     4.3477  21.590626      1.375      2.698      0.540      1.393       6003    250.083  0.000e+00
      1.168     4.3475  21.590824      1.331      2.694      0.542      1.394       6004    250.125  0.000e+00
      1.168     4.3473  21.590824      1.286      2.692      0.543      1.397       6005    250.167  0.000e+00
      1.184     4.3473  21.590767      1.242      2.695      0.545      1.397       6006    250.208  0.000e+00
      1.231     4.3469  21.590767      1.198      2.698      0.545      1.398       6007    250.250  0.000e+00
      1.231     4.3469  21.590626      1.155      2.703      0.546      1.399       6008    250.292  0.000e+00
      1.184     4.3469  21.590711      1.114      2.705      0.546      1.399       6009    250.333  0.000e+00
      1.286     4.3466  21.590597      1.073      2.706      0.546      1.399       6010    250.375  0.000e+00
      1.231     4.3464  21.590456      1.035      2.706      0.545      1.399       6011    250.417  0.000e+00
      1.247     4.3462  21.590286      0.998      2.705      0.542      1.399       6012    250.458  0.000e+00
      1.286     4.3461  21.590229      0.962      2.705      0.540      1.398       6013    250.500  0.000e+00
      1.286     4.3461  21.590088      0.927      2.706      0.538      1.397       6014    250.542  0.000e+00
      1.302     4.3461  21.589663      0.895      2.708      0.537      1.396       6015    250.583  0.000e+00
      1.231     4.3461  21.589266      0.871      2.709      0.534      1.394       6016    250.625  0.000e+00
      1.286     4.3462  21.589012      0.856      2.706      0.531      1.393       6017    250.667  0.000e+00
      1.349     4.3462  21.588304      0.850      2.700      0.529      1.392       6018    250.708  0.000e+00
      1.302     4.3467  21.587964      0.847      2.700      0.525      1.389       6019    250.750  0.000e+00
      1.286     4.3473  21.587794      0.847      2.696      0.523      1.387       6020    250.792  0.000e+00
      1.349     4.3480  21.587341      0.851      2.691      0.521      1.385       6021    250.833  0.000e+00
      1.302     4.3480  21.587058      0.855      2.694      0.520      1.382       6022    250.875  0.000e+00
      1.286     4.3482  21.587001      0.860      2.702      0.519      1.381       6023    250.917  0.000e+00
      1.349     4.3486  21.587001      0.864      2.706      0.516      1.380       6024    250.958  0.000e+00
      1.302     4.3493  21.587001      0.869      2.708      0.515      1.379       6025    251.000  0.000e+00
      1.349     4.3494  21.586860      0.874      2.708      0.515      1.377       6026    251.042  0.000e+00
      1.286     4.3504  21.586944      0.878      2.711      0.514      1.377       6027    251.083  0.000e+00
      1.357     4.3513  21.586746      0.882      2.712      0.514      1.375       6028    251.125  0.000e+00
      1.349     4.3520  21.587058      0.884      2.711      0.513      1.375       6029    251.167  0.000e+00
      1.349     4.3523  21.586944      0.885      2.708      0.513      1.375       6030    251.208  0.000e+00
      1.286     4.3529  21.586831      0.886      2.708      0.515      1.374       6031    251.250  0.000e+00
      1.357     4.3533  21.586576      0.888      2.709      0.513      1.374       6032    251.292  0.000e+00
      1.349     4.3534  21.586718      0.889      2.711      0.515      1.375       6033    251.333  0.000e+00
      1.349     4.3538  21.586831      0.889      2.711      0.518      1.375       6034    251.375  0.000e+00
      1.357     4.3538  21.586944      0.889      2.707      0.518      1.376       6035    251.417  0.000e+00
      1.349     4.3538  21.587001      0.889      2.706      0.519      1.377       6036    251.458  0.000e+00
      1.349     4.3539  21.587001      0.889      2.707      0.520      1.380       6037    251.500  0.000e+00
      1.420     4.3539  21.586888      0.886      2.702      0.523      1.382       6038    251.542  0.000e+00
      1.349     4.3538  21.586944      0.883      2.696      0.524      1.383       6039    251.583  0.000e+00
      1.349     4.3536  21.586888      0.878      2.695      0.524      1.385       6040    251.625  0.000e+00
      1.420     4.3534  21.586831      0.872      2.692      0.525      1.387       6041    251.667  0.000e+00
      1.404     4.3533  21.586576      0.864      2.695      0.526      1.389       6042    251.708  0.000e+00
      1.349     4.3529  21.586605      0.860      2.696      0.527      1.392       6043    251.750  0.000e+00
      1.404     4.3528  21.586237      0.856      2.698      0.529      1.394       6044    251.792  0.000e+00
      1.420     4.3528  21.586350      0.855      2.701      0.529      1.397       6045    251.833  0.000e+00
      1.459     4.3528  21.586208      0.855      2.703      0.529      1.399       6046    251.875  0.000e+00
      1.404     4.3528  21.586123      0.855      2.707      0.530      1.402       6047    251.917  0.000e+00
      1.475     4.3529  21.586010      0.855      2.711      0.531      1.404       6048    251.958  0.000e+00
      1.459     4.3531  21.585557      0.856      2.714      0.530      1.407       6049    252.000  0.000e+00
      1.404     4.3529  21.585812      0.857      2.716      0.530      1.409       6050    252.042  0.000e+00
      1.538     4.3531  21.585699      0.860      2.718      0.531      1.411       6051    252.083  0.000e+00
      1.404     4.3534  21.585699      0.862      2.719      0.529      1.414       6052    252.125  0.000e+00
      1.404     4.3538  21.585868      0.864      2.719      0.529      1.416       6053    252.167  0.000e+00
      1.459     4.3539  21.586180      0.866      2.722      0.536      1.416       6054    252.208  0.000e+00
