testfiles/govdocs/355/355538.txt
* Sea-Bird SBE 9 Raw Data File:
* FileName = C:\CRUISE\OC320\CAST37.DAT
* Software Version 4.222
* Temperature SN = 2265
* Conductivity SN = 1859
* Number of Bytes Per Scan = 27
* Number of Voltage Words = 5
* System UpLoad Time = Apr 02 1998 20:08:44
* NMEA Latitude = 43 41.11 N
* NMEA Longitude = 069 56.19 W
* NMEA UTC (Time) = 01:10:44
** R/V OCEANUS cast37
** OC320  
** Station # cast37
**  second line west of Cape Small
# nquan = 10
# nvalues = 6652                        
# units = metric
# name 0 = pr: pressure [db]
# name 1 = t068: temperature, IPTS-68 [deg C]
# name 2 = c0mS/cm: conductivity [mS/cm]
# name 3 = v1: voltage, number  1 [V]
# name 4 = v2: voltage, number  2 [V]
# name 5 = v4: voltage, number  4 [V]
# name 6 = v6: voltage, number  6 [V]
# name 7 = scan: scan number
# name 8 = timeS: time [s]
# name 9 = flag:  0.000e+00
# span 0 = 0.670, 38.323                          
# span 1 = 2.9437, 4.6516                         
# span 2 = -3.928673, 28.662600                   
# span 3 = 0.077, 1.819                           
# span 4 = 0.002, 4.632                           
# span 5 = 0.000, 0.884                           
# span 6 = 0.000, 2.032                           
# span 7 = 1, 6652                                
# span 8 = 0.000, 277.125                         
# span 9 = 0.000e+00, 0.000e+00                   
# interval = seconds: 0.0416667                   
# start_time = Apr 02 1998 20:08:44
# bad_flag = -9.990e-29
*END*
[from data line 6487]
      0.877     4.3480  21.583065      0.587      0.016      0.551      1.497       6488    270.292  0.000e+00
      0.877     4.3467  21.583688      0.568      0.012      0.558      1.507       6489    270.333  0.000e+00
      0.893     4.3450  21.584197      0.548      0.009      0.567      1.514       6490    270.375  0.000e+00
      0.877     4.3435  21.584735      0.530      0.007      0.575      1.523       6491    270.417  0.000e+00
      0.877     4.3422  21.584990      0.510      0.006      0.582      1.531       6492    270.458  0.000e+00
      0.893     4.3406  21.585160      0.495      0.005      0.591      1.538       6493    270.500  0.000e+00
      0.822     4.3395  21.585613      0.477      0.004      0.597      1.546       6494    270.542  0.000e+00
      0.822     4.3379  21.586010      0.462      0.002      0.604      1.556       6495    270.583  0.000e+00
      0.893     4.3368  21.585614      0.447      0.002      0.611      1.563       6496    270.625  0.000e+00
      0.822     4.3360  21.585415      0.432      0.002      0.617      1.570       6497    270.667  0.000e+00
      0.822     4.3354  21.585812      0.419      0.002      0.621      1.576       6498    270.708  0.000e+00
      0.838     4.3344  21.586067      0.405      0.017      0.626      1.582       6499    270.750  0.000e+00
      0.877     4.3341  21.586124      0.393      0.254      0.630      1.587       6500    270.792  0.000e+00
      0.822     4.3339  21.586095      0.381      0.792      0.634      1.593       6501    270.833  0.000e+00
      0.877     4.3341  21.586237      0.369      1.118      0.637      1.597       6502    270.875  0.000e+00
      0.838     4.3341  21.586803      0.357      0.976      0.641      1.602       6503    270.917  0.000e+00
      0.877     4.3335  21.587681      0.347      0.786      0.645      1.606       6504    270.958  0.000e+00
      0.877     4.3333  21.587907      0.336      0.775      0.647      1.609       6505    271.000  0.000e+00
      0.893     4.3328  21.588021      0.326      0.965      0.650      1.612       6506    271.042  0.000e+00
      0.877     4.3326  21.587964      0.316      0.957      0.653      1.615       6507    271.083  0.000e+00
      0.877     4.3322  21.587766      0.306      0.778      0.657      1.619       6508    271.125  0.000e+00
      0.893     4.3325  21.587454      0.298      0.922      0.661      1.620       6509    271.167  0.000e+00
      0.940     4.3325  21.586860      0.288      1.344      0.664      1.625       6510    271.208  0.000e+00
      0.877     4.3325  21.586662      0.280      1.537      0.667      1.629       6511    271.250  0.000e+00
      0.948     4.3322  21.586520      0.271      1.287      0.670      1.631       6512    271.292  0.000e+00
      0.877     4.3336  21.586095      0.264      1.112      0.675      1.634       6513    271.333  0.000e+00
      0.877     4.3366  21.585699      0.256      1.133      0.679      1.637       6514    271.375  0.000e+00
      0.893     4.3381  21.585982      0.249      1.073      0.683      1.641       6515    271.417  0.000e+00
      0.877     4.3392  21.586123      0.242      0.891      0.686      1.646       6516    271.458  0.000e+00
      0.877     4.3408  21.586378      0.236      0.867      0.691      1.648       6517    271.500  0.000e+00
      0.720     4.3411  21.586576      0.228      0.871      0.696      1.653       6518    271.542  0.000e+00
      0.995     4.3408  21.587454      0.222      1.049      0.701      1.657       6519    271.583  0.000e+00
      0.822     4.3406  21.587850      0.217      1.120      0.705      1.659       6520    271.625  0.000e+00
      0.877     4.3405  21.587794      0.211      0.883      0.709      1.665       6521    271.667  0.000e+00
      0.838     4.3400  21.587992      0.206      1.039      0.713      1.670       6522    271.708  0.000e+00
      0.822     4.3392  21.588587      0.200      1.220      0.718      1.675       6523    271.750  0.000e+00
      0.822     4.3381  21.589040      0.195      1.005      0.723      1.678       6524    271.792  0.000e+00
      0.838     4.3370  21.589040      0.192      1.021      0.728      1.681       6525    271.833  0.000e+00
      0.877     4.3360  21.589068      0.187      1.226      0.731      1.685       6526    271.875  0.000e+00
      0.822     4.3355  21.589266      0.182      1.225      0.736      1.687       6527    271.917  0.000e+00
      0.838     4.3355  21.589465      0.178      1.405      0.740      1.690       6528    271.958  0.000e+00
      0.877     4.3357  21.589125      0.173      1.844      0.745      1.691       6529    272.000  0.000e+00
      0.877     4.3357  21.588728      0.170      2.143      0.748      1.692       6530    272.042  0.000e+00
      0.838     4.3354  21.588728      0.166      2.320      0.752      1.694       6531    272.083  0.000e+00
      0.877     4.3352  21.588785      0.162      2.689      0.756      1.695       6532    272.125  0.000e+00
      0.940     4.3352  21.587851      0.159      2.901      0.758      1.695       6533    272.167  0.000e+00
      0.893     4.3352  21.587539      0.156      2.386      0.762      1.696       6534    272.208  0.000e+00
      0.940     4.3352  21.587426      0.154      2.093      0.764      1.697       6535    272.250  0.000e+00
      0.877     4.3347  21.587114      0.150      2.023      0.768      1.697       6536    272.292  0.000e+00
      0.720     4.3342  21.586350      0.148      2.024      0.770      1.698       6537    272.333  0.000e+00
      1.113     4.3339  21.586634      0.145      2.464      0.773      1.700       6538    272.375  0.000e+00
      0.877     4.3330  21.586577      0.143      2.669      0.777      1.700       6539    272.417  0.000e+00
      0.940     4.3320  21.586350      0.140      2.361      0.779      1.698       6540    272.458  0.000e+00
      0.838     4.3315  21.586407      0.138      1.966      0.780      1.702       6541    272.500  0.000e+00
      0.940     4.3314  21.587002      0.136      2.232      0.786      1.705       6542    272.542  0.000e+00
      0.822     4.3309  21.587058      0.134      2.288      0.791      1.706       6543    272.583  0.000e+00
      0.893     4.3307  21.587398      0.132      2.115      0.794      1.708       6544    272.625  0.000e+00
      0.822     4.3304  21.587936      0.129      2.291      0.799      1.712       6545    272.667  0.000e+00
      0.877     4.3306  21.587964      0.127      2.164      0.803      1.714       6546    272.708  0.000e+00
      0.838     4.3306  21.588021      0.125      2.308      0.807      1.718       6547    272.750  0.000e+00
      0.877     4.3315  21.588077      0.123      2.524      0.812      1.722       6548    272.792  0.000e+00
      0.822     4.3330  21.587964      0.121      2.629      0.814      1.724       6549    272.833  0.000e+00
      0.838     4.3342  21.588021      0.120      2.509      0.818      1.726       6550    272.875  0.000e+00
      0.822     4.3354  21.588332      0.117      2.646      0.823      1.730       6551    272.917  0.000e+00
      0.877     4.3357  21.588304      0.116      3.111      0.827      1.731       6552    272.958  0.000e+00
      0.838     4.3365  21.588389      0.115      3.530      0.830      1.734       6553    273.000  0.000e+00
      0.822     4.3370  21.588445      0.114      3.661      0.833      1.736       6554    273.042  0.000e+00
      0.877     4.3373  21.588049      0.112      3.183      0.836      1.737       6555    273.083  0.000e+00
      0.877     4.3377  21.588304      0.111      2.875      0.839      1.739       6556    273.125  0.000e+00
      0.893     4.3376  21.588445      0.110      3.018      0.842      1.740       6557    273.167  0.000e+00
      0.940     4.3371  21.588559      0.110      2.813      0.845      1.741       6558    273.208  0.000e+00
      0.877     4.3373  21.588700      0.109      2.535      0.847      1.744       6559    273.250  0.000e+00
      0.893     4.3376  21.588927      0.107      2.444      0.850      1.745       6560    273.292  0.000e+00
      0.940     4.3381  21.588983      0.106      2.883      0.852      1.746       6561    273.333  0.000e+00
      0.877     4.3384  21.589238      0.105      3.481      0.856      1.748       6562    273.375  0.000e+00
      0.893     4.3387  21.589068      0.105      3.928      0.860      1.751       6563    273.417  0.000e+00
      0.940     4.3387  21.589096      0.104      4.184      0.861      1.755       6564    273.458  0.000e+00
      0.822     4.3387  21.589266      0.103      4.311      0.863      1.757       6565    273.500  0.000e+00
      0.948     4.3389  21.589068      0.103      4.386      0.867      1.761       6566    273.542  0.000e+00
      0.877     4.3390  21.589493      0.101      4.444      0.869      1.766       6567    273.583  0.000e+00
      0.822     4.3392  21.589578      0.100      4.498      0.873      1.770       6568    273.625  0.000e+00
      0.948     4.3392  21.589776      0.100      4.370      0.875      1.775       6569    273.667  0.000e+00
      0.822     4.3392  21.589974      0.099      4.219      0.878      1.780       6570    273.708  0.000e+00
      0.877     4.3393  21.590031      0.098      4.292      0.880      1.785       6571    273.750  0.000e+00
      0.893     4.3393  21.590286      0.098      4.416      0.882      1.791       6572    273.792  0.000e+00
      0.822     4.3392  21.590399      0.096      4.499      0.884      1.797       6573    273.833  0.000e+00
      0.822     4.3395  21.590654      0.096      4.545      0.884      1.802       6574    273.875  0.000e+00
      0.822     4.3393  21.590739      0.096      4.570      0.884      1.807       6575    273.917  0.000e+00
      0.893     4.3393  21.590880      0.095      4.589      0.884      1.812       6576    273.958  0.000e+00
      0.822     4.3393  21.590937      0.095      4.600      0.882      1.816       6577    274.000  0.000e+00
      0.877     4.3390  21.591192      0.094      4.604      0.883      1.819       6578    274.042  0.000e+00
      0.838     4.3390  21.591163      0.094      4.607      0.883      1.823       6579    274.083  0.000e+00
      0.877     4.3389  21.591107      0.094      4.607      0.882      1.827       6580    274.125  0.000e+00
      0.877     4.3389  21.591107      0.094      4.607      0.882      1.829       6581    274.167  0.000e+00
      0.838     4.3387  21.591192      0.093      4.609      0.879      1.832       6582    274.208  0.000e+00
      0.877     4.3387  21.591164      0.093      4.615      0.877      1.834       6583    274.250  0.000e+00
      0.940     4.3386  21.591107      0.092      4.617      0.875      1.838       6584    274.292  0.000e+00
      0.893     4.3387  21.591362      0.092      4.608      0.872      1.841       6585    274.333  0.000e+00
      0.940     4.3387  21.591334      0.092      4.603      0.869      1.844       6586    274.375  0.000e+00
      0.877     4.3386  21.591532      0.090      4.609      0.863      1.846       6587    274.417  0.000e+00
      0.948     4.3386  21.591532      0.090      4.619      0.857      1.849       6588    274.458  0.000e+00
      0.877     4.3386  21.591475      0.089      4.628      0.850      1.849       6589    274.500  0.000e+00
      0.877     4.3386  21.591079      0.089      4.631      0.842      1.849       6590    274.542  0.000e+00
      0.893     4.3384  21.590937      0.089      4.632      0.832      1.850       6591    274.583  0.000e+00
      0.877     4.3384  21.591192      0.088      4.628      0.821      1.849       6592    274.625  0.000e+00
      0.877     4.3384  21.591956      0.088      4.615      0.807      1.847       6593    274.667  0.000e+00
      0.877     4.3382  21.593118      0.087      4.607      0.794      1.845       6594    274.708  0.000e+00
      0.893     4.3386  21.593939      0.085      4.604      0.779      1.841       6595    274.750  0.000e+00
      0.877     4.3382  21.595043      0.085      4.608      0.762      1.836       6596    274.792  0.000e+00
      0.822     4.3384  21.595128      0.085      4.613      0.747      1.832       6597    274.833  0.000e+00
      0.838     4.3386  21.595978      0.084      4.619      0.729      1.827       6598    274.875  0.000e+00
      0.877     4.3390  21.596799      0.084      4.618      0.712      1.822       6599    274.917  0.000e+00
      0.822     4.3408  21.596997      0.084      4.609      0.696      1.814       6600    274.958  0.000e+00
      0.838     4.3432  21.596487      0.083      4.600      0.680      1.808       6601    275.000  0.000e+00
      0.877     4.3456  21.596374      0.083      4.589      0.665      1.802       6602    275.042  0.000e+00
      0.822     4.3469  21.596827      0.083      4.576      0.652      1.795       6603    275.083  0.000e+00
      0.893     4.3482  21.597110      0.083      4.560      0.639      1.790       6604    275.125  0.000e+00
      0.877     4.3486  21.597705      0.082      4.546      0.628      1.783       6605    275.167  0.000e+00
      0.822     4.3489  21.598016      0.082      4.540      0.617      1.778       6606    275.208  0.000e+00
      0.948     4.3484  21.598186      0.081      4.542      0.607      1.770       6607    275.250  0.000e+00
      0.877     4.3480  21.598469      0.081      4.545      0.597      1.766       6608    275.292  0.000e+00
      0.877     4.3477  21.598328      0.081      4.542      0.587      1.761       6609    275.333  0.000e+00
      0.893     4.3480  21.598243      0.081      4.542      0.579      1.756       6610    275.375  0.000e+00
      0.877     4.3478  21.598130      0.081      4.534      0.569      1.748       6611    275.417  0.000e+00
      0.877     4.3480  21.597280      0.081      4.523      0.558      1.742       6612    275.458  0.000e+00
      0.940     4.3478  21.596742      0.081      4.514      0.546      1.736       6613    275.500  0.000e+00
      0.893     4.3478  21.595694      0.081      4.498      0.535      1.729       6614    275.542  0.000e+00
      0.877     4.3478  21.594051      0.081      4.480      0.523      1.719       6615    275.583  0.000e+00
      0.877     4.3473  21.592409      0.079      4.466      0.509      1.712       6616    275.625  0.000e+00
      0.893     4.3472  21.591220      0.078      4.455      0.497      1.702       6617    275.667  0.000e+00
      0.877     4.3466  21.590682      0.078      4.446      0.484      1.691       6618    275.708  0.000e+00
      0.822     4.3457  21.589634      0.078      4.444      0.469      1.680       6619    275.750  0.000e+00
      0.893     4.3450  21.589068      0.078      4.443      0.455      1.669       6620    275.792  0.000e+00
      0.877     4.3438  21.588162      0.077      4.437      0.442      1.658       6621    275.833  0.000e+00
      0.822     4.3421  21.587114      0.077      4.424      0.430      1.646       6622    275.875  0.000e+00
      0.893     4.3403  21.586180      0.077      4.399      0.419      1.635       6623    275.917  0.000e+00
      0.822     4.3376  21.585557      0.077      4.375      0.408      1.624       6624    275.958  0.000e+00
      0.822     4.3357  21.584877      0.077      4.363      0.399      1.614       6625    276.000  0.000e+00
      0.893     4.3337  21.584311      0.077      4.364      0.391      1.604       6626    276.042  0.000e+00
      0.877     4.3320  21.583915      0.077      4.364      0.386      1.597       6627    276.083  0.000e+00
      0.822     4.3302  21.583689      0.077      4.342      0.380      1.589       6628    276.125  0.000e+00
      0.948     4.3286  21.583632      0.078      4.304      0.376      1.581       6629    276.167  0.000e+00
      0.822     4.3268  21.583632      0.078      4.276      0.374      1.575       6630    276.208  0.000e+00
