testfiles/govdocs/355/355538.txt
* Sea-Bird SBE 9 Raw Data File:
* FileName = C:\CRUISE\OC320\CAST37.DAT
* Software Version 4.222
* Temperature SN = 2265
* Conductivity SN = 1859
* Number of Bytes Per Scan = 27
* Number of Voltage Words = 5
* System UpLoad Time = Apr 02 1998 20:08:44
* NMEA Latitude = 43 41.11 N
* NMEA Longitude = 069 56.19 W
* NMEA UTC (Time) = 01:10:44
** R/V OCEANUS cast37
** OC320  
** Station # cast37
**  second line west of Cape Small
# nquan = 10
# nvalues = 6652                        
# units = metric
# name 0 = pr: pressure [db]
# name 1 = t068: temperature, IPTS-68 [deg C]
# name 2 = c0mS/cm: conductivity [mS/cm]
# name 3 = v1: voltage, number  1 [V]
# name 4 = v2: voltage, number  2 [V]
# name 5 = v4: voltage, number  4 [V]
# name 6 = v6: voltage, number  6 [V]
# name 7 = scan: scan number
# name 8 = timeS: time [s]
# name 9 = flag:  0.000e+00
# span 0 = 0.670, 38.323                          
# span 1 = 2.9437, 4.6516                         
# span 2 = -3.928673, 28.662600                   
# span 3 = 0.077, 1.819                           
# span 4 = 0.002, 4.632                           
# span 5 = 0.000, 0.884                           
# span 6 = 0.000, 2.032                           
# span 7 = 1, 6652                                
# span 8 = 0.000, 277.125                         
# span 9 = 0.000e+00, 0.000e+00                   
# interval = seconds: 0.0416667                   
# start_time = Apr 02 1998 20:08:44
# bad_flag = -9.990e-29
*END*
[from data line 5622]
      1.169     4.3686  22.388808      0.893      2.248      0.608      1.420       5623    234.250  0.000e+00
      1.184     4.3686  22.400457      0.897      1.985      0.608      1.419       5624    234.292  0.000e+00
      1.114     4.3688  22.408339      0.902      1.796      0.607      1.416       5625    234.333  0.000e+00
      1.169     4.3690  22.383344      0.907      1.637      0.606      1.414       5626    234.375  0.000e+00
      1.184     4.3680  22.302000      0.910      1.640      0.604      1.411       5627    234.417  0.000e+00
      1.169     4.3661  22.189804      0.906      1.661      0.602      1.408       5628    234.458  0.000e+00
      1.169     4.3641  22.078048      0.896      1.672      0.601      1.405       5629    234.500  0.000e+00
      1.185     4.3627  21.979914      0.884      1.729      0.601      1.402       5630    234.542  0.000e+00
      1.232     4.3620  21.925444      0.869      1.747      0.601      1.400       5631    234.583  0.000e+00
      1.232     4.3614  21.933739      0.853      1.393      0.601      1.398       5632    234.625  0.000e+00
      1.129     4.3613  21.925956      0.836      0.874      0.601      1.397       5633    234.667  0.000e+00
      1.114     4.3609  21.924389      0.816      0.498      0.601      1.393       5634    234.708  0.000e+00
      1.114     4.3609  21.932199      0.795      0.288      0.601      1.392       5635    234.750  0.000e+00
      1.169     4.3609  21.941094      0.773      0.175      0.601      1.389       5636    234.792  0.000e+00
      1.129     4.3608  21.970327      0.751      0.107      0.602      1.387       5637    234.833  0.000e+00
      1.059     4.3607  22.019848      0.730      0.067      0.602      1.386       5638    234.875  0.000e+00
      1.114     4.3605  22.049811      0.707      0.044      0.602      1.383       5639    234.917  0.000e+00
      1.129     4.3605  22.020676      0.684      0.059      0.602      1.381       5640    234.958  0.000e+00
      1.114     4.3603  21.967389      0.662      0.247      0.601      1.379       5641    235.000  0.000e+00
      0.996     4.3603  22.027358      0.640      0.410      0.602      1.377       5642    235.042  0.000e+00
      1.067     4.3603  22.067272      0.618      0.344      0.601      1.376       5643    235.083  0.000e+00
      0.996     4.3603  21.888573      0.597      0.210      0.601      1.375       5644    235.125  0.000e+00
      1.059     4.3603  21.422610      0.576      0.115      0.598      1.372       5645    235.167  0.000e+00
      1.012     4.3603  21.527543      0.558      0.066      0.597      1.371       5646    235.208  0.000e+00
      0.996     4.3607  21.920883      0.540      0.040      0.595      1.370       5647    235.250  0.000e+00
      0.996     4.3605  22.076762      0.521      0.026      0.593      1.370       5648    235.292  0.000e+00
      0.949     4.3607  22.065614      0.504      0.016      0.591      1.370       5649    235.333  0.000e+00
      0.996     4.3605  21.991499      0.488      0.010      0.589      1.369       5650    235.375  0.000e+00
      0.941     4.3607  21.936817      0.471      0.006      0.586      1.369       5651    235.417  0.000e+00
      0.941     4.3606  22.028586      0.455      0.005      0.584      1.370       5652    235.458  0.000e+00
      0.949     4.3605  22.087969      0.441      0.002      0.581      1.370       5653    235.500  0.000e+00
      0.996     4.3603  22.116112      0.426      0.002      0.579      1.370       5654    235.542  0.000e+00
      0.941     4.3603  22.116713      0.413      0.002      0.576      1.370       5655    235.583  0.000e+00
      0.949     4.3603  22.099865      0.399      0.004      0.574      1.370       5656    235.625  0.000e+00
      0.941     4.3603  21.971554      0.386      0.006      0.571      1.370       5657    235.667  0.000e+00
      0.941     4.3598  21.840260      0.374      0.007      0.571      1.370       5658    235.708  0.000e+00
      0.949     4.3597  21.727469      0.361      0.009      0.571      1.371       5659    235.750  0.000e+00
      0.996     4.3595  21.866589      0.352      0.006      0.570      1.372       5660    235.792  0.000e+00
      0.996     4.3595  21.982196      0.339      0.005      0.570      1.374       5661    235.833  0.000e+00
      1.012     4.3595  21.996637      0.330      0.005      0.570      1.375       5662    235.875  0.000e+00
      0.996     4.3598  22.001432      0.319      0.005      0.570      1.377       5663    235.917  0.000e+00
      0.996     4.3598  22.017792      0.309      0.005      0.573      1.377       5664    235.958  0.000e+00
      1.012     4.3598  22.026616      0.299      0.005      0.574      1.377       5665    236.000  0.000e+00
      1.059     4.3598  22.030786      0.291      0.005      0.574      1.380       5666    236.042  0.000e+00
      1.059     4.3600  22.022932      0.281      0.006      0.575      1.380       5667    236.083  0.000e+00
      1.059     4.3598  22.007342      0.274      0.009      0.576      1.382       5668    236.125  0.000e+00
      1.067     4.3597  22.003916      0.265      0.017      0.578      1.382       5669    236.167  0.000e+00
      1.114     4.3597  21.997294      0.258      0.020      0.579      1.383       5670    236.208  0.000e+00
      1.059     4.3597  21.977175      0.250      0.015      0.580      1.385       5671    236.250  0.000e+00
      1.067     4.3595  21.951274      0.243      0.010      0.581      1.386       5672    236.292  0.000e+00
      1.114     4.3595  21.930916      0.237      0.010      0.581      1.386       5673    236.333  0.000e+00
      1.059     4.3592  21.906321      0.231      0.022      0.581      1.388       5674    236.375  0.000e+00
      1.129     4.3590  21.854917      0.225      0.022      0.582      1.388       5675    236.417  0.000e+00
      1.114     4.3584  21.780622      0.219      0.016      0.582      1.389       5676    236.458  0.000e+00
      1.169     4.3582  21.732978      0.212      0.073      0.581      1.389       5677    236.500  0.000e+00
      1.129     4.3578  21.700871      0.208      0.383      0.581      1.391       5678    236.542  0.000e+00
      1.169     4.3576  21.672415      0.203      0.672      0.579      1.392       5679    236.583  0.000e+00
      1.114     4.3573  21.652026      0.197      0.901      0.579      1.393       5680    236.625  0.000e+00
      1.011     4.3573  21.638164      0.192      1.178      0.579      1.394       5681    236.667  0.000e+00
      1.287     4.3571  21.626460      0.188      1.504      0.578      1.397       5682    236.708  0.000e+00
      1.114     4.3571  21.617364      0.183      1.770      0.576      1.398       5683    236.750  0.000e+00
      1.169     4.3566  21.612547      0.178      1.994      0.574      1.399       5684    236.792  0.000e+00
      1.129     4.3568  21.612037      0.175      2.085      0.573      1.400       5685    236.833  0.000e+00
      1.169     4.3569  21.608978      0.171      1.643      0.573      1.402       5686    236.875  0.000e+00
      1.114     4.3566  21.602888      0.166      1.016      0.571      1.402       5687    236.917  0.000e+00
      1.129     4.3566  21.598583      0.164      0.575      0.571      1.402       5688    236.958  0.000e+00
      1.169     4.3567  21.596374      0.160      0.333      0.571      1.404       5689    237.000  0.000e+00
      1.114     4.3566  21.595269      0.156      0.205      0.571      1.404       5690    237.042  0.000e+00
      1.129     4.3566  21.595043      0.154      0.128      0.573      1.407       5691    237.083  0.000e+00
      1.114     4.3565  21.594788      0.151      0.079      0.574      1.409       5692    237.125  0.000e+00
      1.169     4.3563  21.594901      0.149      0.055      0.574      1.409       5693    237.167  0.000e+00
      1.129     4.3565  21.594901      0.147      0.044      0.578      1.411       5694    237.208  0.000e+00
      1.169     4.3563  21.594335      0.144      0.040      0.579      1.414       5695    237.250  0.000e+00
      1.169     4.3563  21.593089      0.142      0.032      0.581      1.416       5696    237.292  0.000e+00
      1.169     4.3566  21.591927      0.139      0.021      0.584      1.419       5697    237.333  0.000e+00
      1.184     4.3565  21.590597      0.137      0.015      0.586      1.420       5698    237.375  0.000e+00
      1.169     4.3565  21.589974      0.134      0.046      0.589      1.422       5699    237.417  0.000e+00
      1.232     4.3566  21.589606      0.132      0.346      0.591      1.425       5700    237.458  0.000e+00
      1.184     4.3566  21.588728      0.129      0.874      0.592      1.426       5701    237.500  0.000e+00
      1.232     4.3567  21.587652      0.127      1.380      0.595      1.427       5702    237.542  0.000e+00
      1.232     4.3566  21.587878      0.126      1.432      0.597      1.429       5703    237.583  0.000e+00
      1.247     4.3566  21.588076      0.123      1.179      0.600      1.431       5704    237.625  0.000e+00
      1.232     4.3568  21.588586      0.122      0.991      0.601      1.431       5705    237.667  0.000e+00
      1.232     4.3566  21.588275      0.120      0.934      0.602      1.432       5706    237.708  0.000e+00
      1.247     4.3569  21.588190      0.118      1.134      0.603      1.433       5707    237.750  0.000e+00
      1.232     4.3569  21.588105      0.117      1.405      0.604      1.433       5708    237.792  0.000e+00
      1.287     4.3566  21.587822      0.118      1.625      0.604      1.433       5709    237.833  0.000e+00
      1.231     4.3569  21.587595      0.128      1.882      0.604      1.433       5710    237.875  0.000e+00
      1.247     4.3566  21.587538      0.145      2.111      0.603      1.433       5711    237.917  0.000e+00
      1.231     4.3568  21.587538      0.166      2.274      0.603      1.433       5712    237.958  0.000e+00
      1.231     4.3566  21.587680      0.189      2.349      0.603      1.432       5713    238.000  0.000e+00
      1.247     4.3566  21.587595      0.214      2.416      0.602      1.431       5714    238.042  0.000e+00
      1.231     4.3568  21.589945      0.239      2.459      0.601      1.430       5715    238.083  0.000e+00
      1.287     4.3566  21.592466      0.264      2.484      0.600      1.429       5716    238.125  0.000e+00
      1.184     4.3566  21.594788      0.288      2.503      0.597      1.426       5717    238.167  0.000e+00
      1.231     4.3565  21.597677      0.310      2.530      0.595      1.424       5718    238.208  0.000e+00
      1.231     4.3565  21.602831      0.333      2.541      0.593      1.421       5719    238.250  0.000e+00
      1.184     4.3566  21.609913      0.355      2.558      0.592      1.419       5720    238.292  0.000e+00
      1.169     4.3565  21.613454      0.379      2.576      0.590      1.415       5721    238.333  0.000e+00
      1.169     4.3563  21.611726      0.400      2.584      0.589      1.413       5722    238.375  0.000e+00
      1.169     4.3565  21.618667      0.424      2.504      0.586      1.409       5723    238.417  0.000e+00
      1.184     4.3565  21.628386      0.446      2.275      0.585      1.407       5724    238.458  0.000e+00
      1.114     4.3565  21.632892      0.466      1.922      0.584      1.404       5725    238.500  0.000e+00
      1.114     4.3566  21.635075      0.479      1.370      0.582      1.402       5726    238.542  0.000e+00
      1.129     4.3566  21.636775      0.484      0.835      0.580      1.399       5727    238.583  0.000e+00
      1.059     4.3568  21.640800      0.481      0.481      0.578      1.397       5728    238.625  0.000e+00
      1.059     4.3568  21.645335      0.475      0.283      0.575      1.394       5729    238.667  0.000e+00
      1.129     4.3565  21.646753      0.466      0.176      0.574      1.392       5730    238.708  0.000e+00
      1.114     4.3562  21.653756      0.455      0.111      0.573      1.389       5731    238.750  0.000e+00
      1.231     4.3558  21.667140      0.444      0.070      0.573      1.388       5732    238.792  0.000e+00
      1.129     4.3557  21.672898      0.432      0.046      0.573      1.386       5733    238.833  0.000e+00
      1.169     4.3557  21.669125      0.420      0.038      0.571      1.385       5734    238.875  0.000e+00
      1.231     4.3562  21.662348      0.407      0.037      0.571      1.385       5735    238.917  0.000e+00
      1.011     4.3562  21.661950      0.394      0.063      0.573      1.383       5736    238.958  0.000e+00
      1.286     4.3558  21.666517      0.382      0.089      0.573      1.383       5737    239.000  0.000e+00
      1.169     4.3562  21.673635      0.370      0.374      0.573      1.383       5738    239.042  0.000e+00
      1.114     4.3560  21.678627      0.359      1.013      0.573      1.383       5739    239.083  0.000e+00
      1.129     4.3562  21.679904      0.347      1.486      0.573      1.383       5740    239.125  0.000e+00
      1.169     4.3563  21.679223      0.336      1.678      0.574      1.383       5741    239.167  0.000e+00
      1.169     4.3562  21.677464      0.325      1.762      0.573      1.383       5742    239.208  0.000e+00
      1.184     4.3563  21.671905      0.315      1.790      0.573      1.383       5743    239.250  0.000e+00
      1.231     4.3566  21.665183      0.305      1.806      0.571      1.383       5744    239.292  0.000e+00
      1.169     4.3563  21.661156      0.297      1.745      0.570      1.383       5745    239.333  0.000e+00
      1.184     4.3565  21.660561      0.288      1.753      0.570      1.382       5746    239.375  0.000e+00
      1.169     4.3566  21.662574      0.280      1.873      0.569      1.382       5747    239.417  0.000e+00
      1.114     4.3565  21.665892      0.271      2.027      0.568      1.382       5748    239.458  0.000e+00
      1.184     4.3566  21.666885      0.264      2.138      0.568      1.381       5749    239.500  0.000e+00
      1.169     4.3568  21.663624      0.256      2.170      0.565      1.380       5750    239.542  0.000e+00
      1.169     4.3566  21.658576      0.249      2.144      0.564      1.380       5751    239.583  0.000e+00
      1.114     4.3569  21.658633      0.242      2.101      0.564      1.380       5752    239.625  0.000e+00
      1.129     4.3568  21.663879      0.234      2.081      0.564      1.379       5753    239.667  0.000e+00
      1.169     4.3571  21.668870      0.228      2.100      0.562      1.377       5754    239.708  0.000e+00
      1.114     4.3570  21.686344      0.222      2.151      0.562      1.377       5755    239.750  0.000e+00
      1.066     4.3574  21.713502      0.216      2.188      0.560      1.377       5756    239.792  0.000e+00
      1.058     4.3578  21.737721      0.210      2.171      0.562      1.377       5757    239.833  0.000e+00
      1.058     4.3576  21.750474      0.205      1.833      0.562      1.379       5758    239.875  0.000e+00
      1.011     4.3573  21.762718      0.199      1.243      0.562      1.379       5759    239.917  0.000e+00
      1.058     4.3574  21.774767      0.194      0.737      0.562      1.380       5760    239.958  0.000e+00
      0.996     4.3574  21.787245      0.189      0.429      0.562      1.381       5761    240.000  0.000e+00
      0.948     4.3578  21.821425      0.184      0.258      0.562      1.382       5762    240.042  0.000e+00
      1.058     4.3580  21.873536      0.181      0.160      0.564      1.383       5763    240.083  0.000e+00
      0.941     4.3582  21.902104      0.176      0.103      0.564      1.385       5764    240.125  0.000e+00
      0.838     4.3582  21.912817      0.173      0.067      0.565      1.387       5765    240.167  0.000e+00
