testfiles/govdocs/355/355538.txt
* Sea-Bird SBE 9 Raw Data File:
* FileName = C:\CRUISE\OC320\CAST37.DAT
* Software Version 4.222
* Temperature SN = 2265
* Conductivity SN = 1859
* Number of Bytes Per Scan = 27
* Number of Voltage Words = 5
* System UpLoad Time = Apr 02 1998 20:08:44
* NMEA Latitude = 43 41.11 N
* NMEA Longitude = 069 56.19 W
* NMEA UTC (Time) = 01:10:44
** R/V OCEANUS cast37
** OC320  
** Station # cast37
**  second line west of Cape Small
# nquan = 10
# nvalues = 6652                        
# units = metric
# name 0 = pr: pressure [db]
# name 1 = t068: temperature, IPTS-68 [deg C]
# name 2 = c0mS/cm: conductivity [mS/cm]
# name 3 = v1: voltage, number  1 [V]
# name 4 = v2: voltage, number  2 [V]
# name 5 = v4: voltage, number  4 [V]
# name 6 = v6: voltage, number  6 [V]
# name 7 = scan: scan number
# name 8 = timeS: time [s]
# name 9 = flag:  0.000e+00
# span 0 = 0.670, 38.323                          
# span 1 = 2.9437, 4.6516                         
# span 2 = -3.928673, 28.662600                   
# span 3 = 0.077, 1.819                           
# span 4 = 0.002, 4.632                           
# span 5 = 0.000, 0.884                           
# span 6 = 0.000, 2.032                           
# span 7 = 1, 6652                                
# span 8 = 0.000, 277.125                         
# span 9 = 0.000e+00, 0.000e+00                   
# interval = seconds: 0.0416667                   
# start_time = Apr 02 1998 20:08:44
# bad_flag = -9.990e-29
*END*
[from data line 2307]
     15.123     3.8543  28.554959      0.516      4.462      0.000      0.000       2308     96.125  0.000e+00
     15.123     3.8531  28.554384      0.515      4.466      0.000      0.000       2309     96.167  0.000e+00
     15.123     3.8523  28.553936      0.515      4.470      0.000      0.000       2310     96.208  0.000e+00
     15.186     3.8509  28.554512      0.513      4.471      0.000      0.000       2311     96.250  0.000e+00
     15.123     3.8496  28.555599      0.510      4.470      0.000      0.000       2312     96.292  0.000e+00
     15.241     3.8485  28.556655      0.508      4.470      0.000      0.000       2313     96.333  0.000e+00
     15.241     3.8469  28.557678      0.505      4.469      0.000      0.000       2314     96.375  0.000e+00
     15.241     3.8450  28.558765      0.503      4.469      0.000      0.000       2315     96.417  0.000e+00
     15.241     3.8440  28.560588      0.501      4.468      0.000      0.000       2316     96.458  0.000e+00
     15.304     3.8429  28.562538      0.498      4.469      0.000      0.000       2317     96.500  0.000e+00
     15.359     3.8418  28.564297      0.498      4.466      0.000      0.000       2318     96.542  0.000e+00
     15.304     3.8405  28.565896      0.496      4.468      0.000      0.000       2319     96.583  0.000e+00
     15.359     3.8394  28.567495      0.496      4.469      0.000      0.000       2320     96.625  0.000e+00
     15.414     3.8384  28.568902      0.495      4.469      0.000      0.000       2321     96.667  0.000e+00
     15.414     3.8383  28.568678      0.493      4.469      0.000      0.000       2322     96.708  0.000e+00
     15.414     3.8384  28.572132      0.491      4.465      0.000      0.000       2323     96.750  0.000e+00
     15.477     3.8385  28.574370      0.488      4.460      0.000      0.000       2324     96.792  0.000e+00
     15.477     3.8394  28.577409      0.486      4.460      0.000      0.000       2325     96.833  0.000e+00
     15.532     3.8403  28.581726      0.484      4.464      0.000      0.000       2326     96.875  0.000e+00
     15.532     3.8421  28.585948      0.485      4.469      0.000      0.000       2327     96.917  0.000e+00
     15.532     3.8440  28.589338      0.491      4.471      0.000      0.000       2328     96.958  0.000e+00
     15.595     3.8453  28.591482      0.499      4.474      0.000      0.000       2329     97.000  0.000e+00
     15.532     3.8462  28.594360      0.510      4.475      0.000      0.000       2330     97.042  0.000e+00
     15.650     3.8480  28.597687      0.523      4.474      0.000      0.000       2331     97.083  0.000e+00
     15.650     3.8496  28.600567      0.534      4.474      0.000      0.000       2332     97.125  0.000e+00
     15.650     3.8509  28.602454      0.540      4.474      0.000      0.000       2333     97.167  0.000e+00
     15.713     3.8520  28.604566      0.542      4.475      0.000      0.000       2334     97.208  0.000e+00
     15.713     3.8531  28.606485      0.542      4.475      0.000      0.000       2335     97.250  0.000e+00
     15.713     3.8540  28.607797      0.540      4.474      0.000      0.000       2336     97.292  0.000e+00
     15.768     3.8547  28.608597      0.537      4.474      0.000      0.000       2337     97.333  0.000e+00
     15.768     3.8551  28.609109      0.534      4.476      0.000      0.000       2338     97.375  0.000e+00
     15.823     3.8553  28.609909      0.530      4.476      0.000      0.000       2339     97.417  0.000e+00
     15.823     3.8560  28.612533      0.525      4.475      0.000      0.000       2340     97.458  0.000e+00
     15.823     3.8570  28.616181      0.520      4.471      0.000      0.000       2341     97.500  0.000e+00
     15.886     3.8580  28.619061      0.516      4.464      0.000      0.000       2342     97.542  0.000e+00
     15.941     3.8590  28.621045      0.513      4.460      0.000      0.000       2343     97.583  0.000e+00
     15.886     3.8596  28.623061      0.508      4.459      0.000      0.000       2344     97.625  0.000e+00
     15.941     3.8604  28.624405      0.505      4.464      0.000      0.000       2345     97.667  0.000e+00
     16.004     3.8608  28.626230      0.503      4.470      0.000      0.000       2346     97.708  0.000e+00
     15.941     3.8615  28.628278      0.501      4.473      0.000      0.000       2347     97.750  0.000e+00
     16.059     3.8626  28.629974      0.498      4.475      0.000      0.000       2348     97.792  0.000e+00
     16.059     3.8632  28.631223      0.496      4.477      0.000      0.000       2349     97.833  0.000e+00
     16.004     3.8639  28.632535      0.493      4.479      0.000      0.000       2350     97.875  0.000e+00
     16.122     3.8644  28.633655      0.492      4.480      0.000      0.000       2351     97.917  0.000e+00
     16.122     3.8651  28.634840      0.491      4.480      0.000      0.000       2352     97.958  0.000e+00
     16.121     3.8658  28.635672      0.488      4.481      0.000      0.000       2353     98.000  0.000e+00
     16.177     3.8663  28.636696      0.487      4.482      0.000      0.000       2354     98.042  0.000e+00
     16.177     3.8664  28.638521      0.485      4.486      0.000      0.000       2355     98.083  0.000e+00
     16.232     3.8672  28.641242      0.482      4.486      0.000      0.000       2356     98.125  0.000e+00
     16.232     3.8674  28.644795      0.479      4.486      0.000      0.000       2357     98.167  0.000e+00
     16.231     3.8680  28.647357      0.475      4.484      0.000      0.000       2358     98.208  0.000e+00
     16.294     3.8687  28.648573      0.471      4.484      0.000      0.000       2359     98.250  0.000e+00
     16.294     3.8692  28.649854      0.469      4.486      0.000      0.000       2360     98.292  0.000e+00
     16.412     3.8692  28.651071      0.465      4.485      0.000      0.000       2361     98.333  0.000e+00
     16.294     3.8693  28.652191      0.462      4.481      0.000      0.000       2362     98.375  0.000e+00
     16.467     3.8694  28.653312      0.458      4.482      0.000      0.000       2363     98.417  0.000e+00
     16.412     3.8692  28.654465      0.455      4.485      0.000      0.000       2364     98.458  0.000e+00
     16.412     3.8687  28.655426      0.452      4.485      0.000      0.000       2365     98.500  0.000e+00
     16.467     3.8680  28.655682      0.449      4.485      0.000      0.000       2366     98.542  0.000e+00
     16.522     3.8666  28.655682      0.447      4.484      0.000      0.000       2367     98.583  0.000e+00
     16.522     3.8644  28.656323      0.443      4.484      0.000      0.000       2368     98.625  0.000e+00
     16.585     3.8609  28.659846      0.441      4.484      0.000      0.000       2369     98.667  0.000e+00
     16.522     3.8577  28.662600      0.438      4.486      0.000      0.000       2370     98.708  0.000e+00
     16.640     3.8546  28.662344      0.437      4.486      0.000      0.000       2371     98.750  0.000e+00
     16.640     3.8481  28.657798      0.437      4.488      0.000      0.000       2372     98.792  0.000e+00
     16.640     3.8397  28.651266      0.437      4.490      0.000      0.000       2373     98.833  0.000e+00
     16.703     3.8258  28.641343      0.437      4.491      0.000      0.000       2374     98.875  0.000e+00
     16.758     3.8084  28.630045      0.438      4.488      0.000      0.000       2375     98.917  0.000e+00
     16.758     3.7907  28.618013      0.440      4.488      0.000      0.000       2376     98.958  0.000e+00
     16.758     3.7698  28.606080      0.440      4.410      0.000      0.000       2377     99.000  0.000e+00
     16.876     3.7497  28.595972      0.438      4.314      0.000      0.000       2378     99.042  0.000e+00
     16.821     3.7335  28.586090      0.437      4.347      0.000      0.000       2379     99.083  0.000e+00
     16.931     3.7116  28.576593      0.435      4.408      0.000      0.000       2380     99.125  0.000e+00
     16.876     3.6680  28.563806      0.433      4.446      0.000      0.000       2381     99.167  0.000e+00
     16.931     3.6313  28.551756      0.432      4.466      0.000      0.000       2382     99.208  0.000e+00
     16.931     3.6043  28.540219      0.432      4.476      0.000      0.000       2383     99.250  0.000e+00
     17.049     3.5834  28.529195      0.432      4.481      0.000      0.000       2384     99.292  0.000e+00
     17.049     3.5651  28.520185      0.432      4.484      0.000      0.000       2385     99.333  0.000e+00
     17.049     3.5503  28.510761      0.432      4.485      0.000      0.000       2386     99.375  0.000e+00
     17.112     3.5371  28.502936      0.432      4.486      0.000      0.000       2387     99.417  0.000e+00
     17.167     3.5276  28.497155      0.432      4.484      0.000      0.000       2388     99.458  0.000e+00
     17.167     3.5206  28.493163      0.432      4.481      0.000      0.000       2389     99.500  0.000e+00
     17.230     3.5160  28.491375      0.431      4.479      0.000      0.000       2390     99.542  0.000e+00
     17.285     3.5131  28.490897      0.430      4.476      0.000      0.000       2391     99.583  0.000e+00
     17.230     3.5106  28.490578      0.429      4.476      0.000      0.000       2392     99.625  0.000e+00
     17.340     3.5070  28.489588      0.427      4.473      0.000      0.000       2393     99.667  0.000e+00
     17.340     3.5020  28.486299      0.427      4.470      0.000      0.000       2394     99.708  0.000e+00
     17.340     3.4933  28.477039      0.427      4.470      0.000      0.000       2395     99.750  0.000e+00
     17.403     3.4779  28.463599      0.427      4.471      0.000      0.000       2396     99.792  0.000e+00
     17.458     3.4632  28.451534      0.427      4.470      0.000      0.000       2397     99.833  0.000e+00
     17.458     3.4479  28.439918      0.427      4.469      0.000      0.000       2398     99.875  0.000e+00
     17.576     3.4250  28.434591      0.427      4.469      0.000      0.000       2399     99.917  0.000e+00
     17.576     3.3967  28.432265      0.427      4.470      0.000      0.000       2400     99.958  0.000e+00
     17.638     3.3697  28.429044      0.426      4.471      0.000      0.000       2401    100.000  0.000e+00
     17.638     3.3460  28.426781      0.425      4.469      0.000      0.000       2402    100.042  0.000e+00
     17.638     3.3228  28.424997      0.425      4.469      0.000      0.000       2403    100.083  0.000e+00
     17.748     3.3051  28.422319      0.424      4.466      0.000      0.000       2404    100.125  0.000e+00
     17.693     3.2931  28.420054      0.422      4.466      0.000      0.000       2405    100.167  0.000e+00
     17.788     3.2862  28.418556      0.420      4.469      0.000      0.000       2406    100.208  0.000e+00
     17.748     3.2818  28.417695      0.419      4.466      0.000      0.000       2407    100.250  0.000e+00
     17.866     3.2788  28.416834      0.418      4.463      0.000      0.000       2408    100.292  0.000e+00
     17.929     3.2751  28.415590      0.418      4.459      0.000      0.000       2409    100.333  0.000e+00
     17.929     3.2710  28.415080      0.416      4.459      0.000      0.000       2410    100.375  0.000e+00
     17.984     3.2653  28.414347      0.418      4.458      0.000      0.000       2411    100.417  0.000e+00
     17.984     3.2594  28.413455      0.418      4.458      0.000      0.000       2412    100.458  0.000e+00
     18.102     3.2545  28.412913      0.419      4.457      0.000      0.000       2413    100.500  0.000e+00
     18.039     3.2479  28.410234      0.420      4.455      0.000      0.000       2414    100.542  0.000e+00
     18.102     3.2393  28.407524      0.421      4.454      0.000      0.000       2415    100.583  0.000e+00
     18.157     3.2307  28.405388      0.422      4.453      0.000      0.000       2416    100.625  0.000e+00
     18.157     3.2222  28.405548      0.422      4.453      0.000      0.000       2417    100.667  0.000e+00
     18.220     3.2155  28.408132      0.422      4.452      0.000      0.000       2418    100.708  0.000e+00
     18.275     3.2108  28.410270      0.424      4.452      0.000      0.000       2419    100.750  0.000e+00
     18.275     3.2069  28.412280      0.424      4.452      0.000      0.000       2420    100.792  0.000e+00
     18.338     3.2030  28.413620      0.425      4.453      0.000      0.000       2421    100.833  0.000e+00
     18.393     3.1986  28.413908      0.425      4.449      0.000      0.000       2422    100.875  0.000e+00
     18.448     3.1941  28.412888      0.424      4.446      0.000      0.000       2423    100.917  0.000e+00
     18.448     3.1887  28.411708      0.424      4.442      0.000      0.000       2424    100.958  0.000e+00
     18.393     3.1785  28.411103      0.424      4.443      0.000      0.000       2425    101.000  0.000e+00
     18.511     3.1636  28.409637      0.424      4.446      0.000      0.000       2426    101.042  0.000e+00
     18.511     3.1466  28.407151      0.422      4.447      0.000      0.000       2427    101.083  0.000e+00
     18.566     3.1262  28.406770      0.422      4.449      0.000      0.000       2428    101.125  0.000e+00
     18.597     3.1087  28.407091      0.421      4.451      0.000      0.000       2429    101.167  0.000e+00
     18.629     3.0927  28.410697      0.420      4.453      0.000      0.000       2430    101.208  0.000e+00
     18.684     3.0751  28.416089      0.420      4.454      0.000      0.000       2431    101.250  0.000e+00
     18.684     3.0578  28.419058      0.418      4.455      0.000      0.000       2432    101.292  0.000e+00
     18.802     3.0465  28.419283      0.416      4.455      0.000      0.000       2433    101.333  0.000e+00
     18.747     3.0373  28.418486      0.415      4.454      0.000      0.000       2434    101.375  0.000e+00
     18.802     3.0282  28.418072      0.413      4.454      0.000      0.000       2435    101.417  0.000e+00
     18.802     3.0213  28.417658      0.411      4.455      0.000      0.000       2436    101.458  0.000e+00
     18.802     3.0167  28.418041      0.409      4.455      0.000      0.000       2437    101.500  0.000e+00
     18.857     3.0146  28.418903      0.408      4.453      0.000      0.000       2438    101.542  0.000e+00
     18.920     3.0114  28.421647      0.407      4.449      0.000      0.000       2439    101.583  0.000e+00
     18.920     3.0051  28.425221      0.405      4.447      0.000      0.000       2440    101.625  0.000e+00
     18.920     2.9999  28.426625      0.404      4.447      0.000      0.000       2441    101.667  0.000e+00
     18.975     2.9965  28.427136      0.403      4.447      0.000      0.000       2442    101.708  0.000e+00
     19.038     2.9944  28.426786      0.402      4.447      0.000      0.000       2443    101.750  0.000e+00
     19.038     2.9930  28.426435      0.400      4.447      0.000      0.000       2444    101.792  0.000e+00
     19.038     2.9921  28.426371      0.398      4.448      0.000      0.000       2445    101.833  0.000e+00
     19.156     2.9918  28.425861      0.397      4.451      0.000      0.000       2446    101.875  0.000e+00
     19.069     2.9910  28.425669      0.396      4.453      0.000      0.000       2447    101.917  0.000e+00
     19.156     2.9903  28.425063      0.396      4.454      0.000      0.000       2448    101.958  0.000e+00
     19.156     2.9902  28.424649      0.396      4.455      0.000      0.000       2449    102.000  0.000e+00
     19.155     2.9897  28.423883      0.396      4.457      0.000      0.000       2450    102.042  0.000e+00
