testfiles/govdocs/015/015640.txt
* Sea-Bird SBE 9 Raw Data File:
* FileName = C:\CRUISE\OC320\CAST05.DAT
* Software Version 4.222
* Temperature SN = 2265
* Conductivity SN = 1859
* Number of Bytes Per Scan = 27
* Number of Voltage Words = 5
* System UpLoad Time = Apr 01 1998 02:54:39
* NMEA Latitude = 44 17.63 N
* NMEA Longitude = 067 40.18 W
* NMEA UTC (Time) = 07:56:36
** R/V OCEANUS cast5
** OC320  
** Station # cast5
# nquan = 10
# nvalues = 13035                       
# units = metric
# name 0 = pr: pressure [db]
# name 1 = t068: temperature, IPTS-68 [deg C]
# name 2 = c0mS/cm: conductivity [mS/cm]
# name 3 = v1: voltage, number  1 [V]
# name 4 = v2: voltage, number  2 [V]
# name 5 = v4: voltage, number  4 [V]
# name 6 = v6: voltage, number  6 [V]
# name 7 = scan: scan number
# name 8 = timeS: time [s]
# name 9 = flag:  0.000e+00
# span 0 = 3.445, 83.581                          
# span 1 = 3.5898, 4.0614                         
# span 2 = 29.342332, 30.023216                   
# span 3 = 0.320, 0.878                           
# span 4 = 3.827, 4.258                           
# span 5 = 0.000, 0.000                           
# span 6 = 0.000, 1.104                           
# span 7 = 1, 13035                               
# span 8 = 0.000, 543.083                         
# span 9 = 0.000e+00, 0.000e+00                   
# interval = seconds: 0.0416667                   
# start_time = Apr 01 1998 02:54:39
# bad_flag = -9.990e-29
*END*
[from data line 8361]
     48.018     3.8310  29.644019      0.388      4.149      0.000      0.000       8362    348.375  0.000e+00
     48.065     3.8314  29.644442      0.391      4.149      0.000      0.000       8363    348.417  0.000e+00
     47.963     3.8316  29.645092      0.393      4.150      0.000      0.000       8364    348.458  0.000e+00
     48.018     3.8320  29.644962      0.393      4.151      0.000      0.000       8365    348.500  0.000e+00
     47.947     3.8318  29.644734      0.394      4.154      0.000      0.000       8366    348.542  0.000e+00
     47.963     3.8315  29.644474      0.394      4.153      0.000      0.000       8367    348.583  0.000e+00
     47.908     3.8320  29.644539      0.393      4.153      0.000      0.000       8368    348.625  0.000e+00
     47.892     3.8321  29.645091      0.393      4.151      0.000      0.000       8369    348.667  0.000e+00
     47.908     3.8326  29.645709      0.392      4.151      0.000      0.000       8370    348.708  0.000e+00
     47.845     3.8335  29.645969      0.389      4.150      0.000      0.000       8371    348.750  0.000e+00
     47.837     3.8344  29.646359      0.387      4.150      0.000      0.000       8372    348.792  0.000e+00
     47.790     3.8337  29.645611      0.385      4.149      0.000      0.000       8373    348.833  0.000e+00
     47.774     3.8322  29.644506      0.383      4.148      0.000      0.000       8374    348.875  0.000e+00
     47.609     3.8310  29.643108      0.381      4.145      0.000      0.000       8375    348.917  0.000e+00
     47.845     3.8295  29.642036      0.380      4.145      0.000      0.000       8376    348.958  0.000e+00
     47.719     3.8291  29.642133      0.379      4.144      0.000      0.000       8377    349.000  0.000e+00
     47.609     3.8296  29.642848      0.377      4.144      0.000      0.000       8378    349.042  0.000e+00
     47.672     3.8304  29.643498      0.376      4.142      0.000      0.000       8379    349.083  0.000e+00
     47.601     3.8311  29.643823      0.376      4.140      0.000      0.000       8380    349.125  0.000e+00
     47.609     3.8316  29.644050      0.376      4.140      0.000      0.000       8381    349.167  0.000e+00
     47.554     3.8320  29.644310      0.376      4.144      0.000      0.000       8382    349.208  0.000e+00
     47.538     3.8322  29.644440      0.377      4.147      0.000      0.000       8383    349.250  0.000e+00
     47.499     3.8320  29.644570      0.379      4.147      0.000      0.000       8384    349.292  0.000e+00
     47.538     3.8325  29.644928      0.381      4.149      0.000      0.000       8385    349.333  0.000e+00
     47.436     3.8324  29.645220      0.380      4.148      0.000      0.000       8386    349.375  0.000e+00
     47.436     3.8326  29.645187      0.381      4.145      0.000      0.000       8387    349.417  0.000e+00
     47.365     3.8332  29.646130      0.381      4.145      0.000      0.000       8388    349.458  0.000e+00
     47.381     3.8362  29.648405      0.381      4.147      0.000      0.000       8389    349.500  0.000e+00
     47.318     3.8375  29.649575      0.382      4.148      0.000      0.000       8390    349.542  0.000e+00
     47.365     3.8385  29.650160      0.382      4.149      0.000      0.000       8391    349.583  0.000e+00
     47.318     3.8402  29.650778      0.383      4.150      0.000      0.000       8392    349.625  0.000e+00
     47.247     3.8405  29.650778      0.383      4.149      0.000      0.000       8393    349.667  0.000e+00
     47.263     3.8399  29.649737      0.385      4.149      0.000      0.000       8394    349.708  0.000e+00
     47.200     3.8390  29.649315      0.386      4.150      0.000      0.000       8395    349.750  0.000e+00
     47.247     3.8381  29.649282      0.386      4.151      0.000      0.000       8396    349.792  0.000e+00
     47.145     3.8379  29.649640      0.386      4.149      0.000      0.000       8397    349.833  0.000e+00
     47.090     3.8382  29.650875      0.386      4.149      0.000      0.000       8398    349.875  0.000e+00
     47.129     3.8400  29.652240      0.385      4.150      0.000      0.000       8399    349.917  0.000e+00
     47.145     3.8420  29.653248      0.383      4.151      0.000      0.000       8400    349.958  0.000e+00
     47.074     3.8431  29.653183      0.383      4.151      0.000      0.000       8401    350.000  0.000e+00
     47.027     3.8421  29.652760      0.382      4.151      0.000      0.000       8402    350.042  0.000e+00
     47.027     3.8415  29.652435      0.382      4.154      0.000      0.000       8403    350.083  0.000e+00
     47.019     3.8418  29.653020      0.381      4.158      0.000      0.000       8404    350.125  0.000e+00
     46.972     3.8434  29.654223      0.381      4.160      0.000      0.000       8405    350.167  0.000e+00
     46.972     3.8445  29.655523      0.381      4.161      0.000      0.000       8406    350.208  0.000e+00
     46.956     3.8460  29.656531      0.381      4.161      0.000      0.000       8407    350.250  0.000e+00
     46.972     3.8475  29.657311      0.381      4.162      0.000      0.000       8408    350.292  0.000e+00
     46.838     3.8485  29.657700      0.381      4.162      0.000      0.000       8409    350.333  0.000e+00
     46.909     3.8488  29.657408      0.379      4.162      0.000      0.000       8410    350.375  0.000e+00
     46.854     3.8481  29.656920      0.377      4.162      0.000      0.000       8411    350.417  0.000e+00
     46.901     3.8477  29.656498      0.377      4.161      0.000      0.000       8412    350.458  0.000e+00
     46.854     3.8475  29.656205      0.377      4.160      0.000      0.000       8413    350.500  0.000e+00
     46.791     3.8475  29.656270      0.381      4.161      0.000      0.000       8414    350.542  0.000e+00
     46.783     3.8472  29.656042      0.381      4.164      0.000      0.000       8415    350.583  0.000e+00
     46.791     3.8472  29.655880      0.383      4.166      0.000      0.000       8416    350.625  0.000e+00
     46.783     3.8469  29.655685      0.386      4.167      0.000      0.000       8417    350.667  0.000e+00
     46.736     3.8466  29.655294      0.388      4.167      0.000      0.000       8418    350.708  0.000e+00
     46.791     3.8460  29.654872      0.389      4.166      0.000      0.000       8419    350.750  0.000e+00
     46.720     3.8456  29.654709      0.389      4.167      0.000      0.000       8420    350.792  0.000e+00
     46.681     3.8460  29.654677      0.388      4.170      0.000      0.000       8421    350.833  0.000e+00
     46.720     3.8461  29.654742      0.388      4.172      0.000      0.000       8422    350.875  0.000e+00
     46.736     3.8461  29.654709      0.387      4.173      0.000      0.000       8423    350.917  0.000e+00
     46.681     3.8461  29.654677      0.386      4.172      0.000      0.000       8424    350.958  0.000e+00
     46.720     3.8462  29.654904      0.386      4.172      0.000      0.000       8425    351.000  0.000e+00
     46.618     3.8464  29.654969      0.385      4.173      0.000      0.000       8426    351.042  0.000e+00
     46.681     3.8462  29.654742      0.383      4.173      0.000      0.000       8427    351.083  0.000e+00
     46.610     3.8460  29.654189      0.383      4.175      0.000      0.000       8428    351.125  0.000e+00
     46.681     3.8455  29.653181      0.382      4.175      0.000      0.000       8429    351.167  0.000e+00
     46.610     3.8440  29.652498      0.381      4.173      0.000      0.000       8430    351.208  0.000e+00
     46.618     3.8440  29.652498      0.381      4.173      0.000      0.000       8431    351.250  0.000e+00
     46.681     3.8453  29.653506      0.380      4.173      0.000      0.000       8432    351.292  0.000e+00
     46.547     3.8461  29.654286      0.381      4.173      0.000      0.000       8433    351.333  0.000e+00
     46.618     3.8466  29.654449      0.379      4.175      0.000      0.000       8434    351.375  0.000e+00
     46.665     3.8467  29.654969      0.379      4.175      0.000      0.000       8435    351.417  0.000e+00
     46.563     3.8470  29.655359      0.377      4.175      0.000      0.000       8436    351.458  0.000e+00
     46.618     3.8474  29.655554      0.376      4.175      0.000      0.000       8437    351.500  0.000e+00
     46.610     3.8479  29.656139      0.374      4.178      0.000      0.000       8438    351.542  0.000e+00
     46.563     3.8491  29.656919      0.374      4.183      0.000      0.000       8439    351.583  0.000e+00
     46.563     3.8498  29.657927      0.372      4.186      0.000      0.000       8440    351.625  0.000e+00
     46.547     3.8500  29.658220      0.374      4.186      0.000      0.000       8441    351.667  0.000e+00
     46.563     3.8504  29.658415      0.375      4.186      0.000      0.000       8442    351.708  0.000e+00
     46.610     3.8505  29.658317      0.377      4.186      0.000      0.000       8443    351.750  0.000e+00
     46.500     3.8493  29.656822      0.380      4.186      0.000      0.000       8444    351.792  0.000e+00
     46.563     3.8475  29.655294      0.382      4.186      0.000      0.000       8445    351.833  0.000e+00
     46.547     3.8464  29.654286      0.383      4.187      0.000      0.000       8446    351.875  0.000e+00
     46.500     3.8455  29.653311      0.385      4.187      0.000      0.000       8447    351.917  0.000e+00
     46.547     3.8450  29.653538      0.386      4.187      0.000      0.000       8448    351.958  0.000e+00
     46.500     3.8460  29.654839      0.386      4.188      0.000      0.000       8449    352.000  0.000e+00
     46.500     3.8477  29.655684      0.386      4.188      0.000      0.000       8450    352.042  0.000e+00
     46.492     3.8474  29.655359      0.386      4.189      0.000      0.000       8451    352.083  0.000e+00
     46.500     3.8466  29.655001      0.386      4.190      0.000      0.000       8452    352.125  0.000e+00
     46.492     3.8460  29.654644      0.386      4.190      0.000      0.000       8453    352.167  0.000e+00
     46.445     3.8461  29.654156      0.386      4.190      0.000      0.000       8454    352.208  0.000e+00
     46.500     3.8456  29.653636      0.385      4.188      0.000      0.000       8455    352.250  0.000e+00
     46.492     3.8450  29.653213      0.385      4.186      0.000      0.000       8456    352.292  0.000e+00
     46.445     3.8447  29.653083      0.383      4.183      0.000      0.000       8457    352.333  0.000e+00
     46.382     3.8445  29.652888      0.383      4.183      0.000      0.000       8458    352.375  0.000e+00
     46.492     3.8443  29.652823      0.383      4.183      0.000      0.000       8459    352.417  0.000e+00
     46.382     3.8447  29.652855      0.383      4.183      0.000      0.000       8460    352.458  0.000e+00
     46.429     3.8447  29.652985      0.382      4.183      0.000      0.000       8461    352.500  0.000e+00
     46.382     3.8448  29.653050      0.382      4.183      0.000      0.000       8462    352.542  0.000e+00
     46.382     3.8450  29.653083      0.382      4.183      0.000      0.000       8463    352.583  0.000e+00
     46.374     3.8453  29.653570      0.383      4.186      0.000      0.000       8464    352.625  0.000e+00
     46.327     3.8456  29.653928      0.383      4.189      0.000      0.000       8465    352.667  0.000e+00
     46.374     3.8464  29.654156      0.383      4.188      0.000      0.000       8466    352.708  0.000e+00
     46.327     3.8462  29.654448      0.383      4.188      0.000      0.000       8467    352.750  0.000e+00
     46.327     3.8464  29.654643      0.383      4.189      0.000      0.000       8468    352.792  0.000e+00
     46.311     3.8464  29.654676      0.383      4.189      0.000      0.000       8469    352.833  0.000e+00
     46.271     3.8467  29.654740      0.382      4.190      0.000      0.000       8470    352.875  0.000e+00
     46.256     3.8470  29.654870      0.381      4.190      0.000      0.000       8471    352.917  0.000e+00
     46.271     3.8470  29.655098      0.381      4.189      0.000      0.000       8472    352.958  0.000e+00
     46.209     3.8472  29.654805      0.379      4.187      0.000      0.000       8473    353.000  0.000e+00
     46.256     3.8472  29.654903      0.377      4.186      0.000      0.000       8474    353.042  0.000e+00
     46.209     3.8467  29.654968      0.376      4.183      0.000      0.000       8475    353.083  0.000e+00
     46.138     3.8469  29.654935      0.374      4.181      0.000      0.000       8476    353.125  0.000e+00
     46.209     3.8467  29.654968      0.374      4.179      0.000      0.000       8477    353.167  0.000e+00
     46.153     3.8467  29.654610      0.372      4.182      0.000      0.000       8478    353.208  0.000e+00
     46.083     3.8467  29.654610      0.371      4.181      0.000      0.000       8479    353.250  0.000e+00
     46.153     3.8466  29.654740      0.370      4.179      0.000      0.000       8480    353.292  0.000e+00
     46.091     3.8466  29.654382      0.370      4.183      0.000      0.000       8481    353.333  0.000e+00
     46.083     3.8462  29.654057      0.370      4.184      0.000      0.000       8482    353.375  0.000e+00
     46.035     3.8464  29.654155      0.369      4.186      0.000      0.000       8483    353.417  0.000e+00
     46.020     3.8464  29.654447      0.369      4.186      0.000      0.000       8484    353.458  0.000e+00
     45.980     3.8469  29.654642      0.369      4.186      0.000      0.000       8485    353.500  0.000e+00
     45.980     3.8467  29.654870      0.369      4.184      0.000      0.000       8486    353.542  0.000e+00
     45.965     3.8469  29.654447      0.369      4.183      0.000      0.000       8487    353.583  0.000e+00
     45.980     3.8467  29.654382      0.369      4.179      0.000      0.000       8488    353.625  0.000e+00
     45.902     3.8467  29.654122      0.370      4.177      0.000      0.000       8489    353.667  0.000e+00
     45.862     3.8466  29.653796      0.372      4.175      0.000      0.000       8490    353.708  0.000e+00
     45.862     3.8464  29.653796      0.377      4.173      0.000      0.000       8491    353.750  0.000e+00
     45.847     3.8460  29.653764      0.382      4.171      0.000      0.000       8492    353.792  0.000e+00
     45.862     3.8458  29.653569      0.388      4.171      0.000      0.000       8493    353.833  0.000e+00
     45.792     3.8460  29.653569      0.393      4.172      0.000      0.000       8494    353.875  0.000e+00
     45.799     3.8466  29.653699      0.397      4.172      0.000      0.000       8495    353.917  0.000e+00
     45.744     3.8466  29.654251      0.399      4.175      0.000      0.000       8496    353.958  0.000e+00
     45.729     3.8472  29.654284      0.399      4.177      0.000      0.000       8497    354.000  0.000e+00
     45.744     3.8472  29.654446      0.398      4.181      0.000      0.000       8498    354.042  0.000e+00
     45.674     3.8474  29.654641      0.397      4.181      0.000      0.000       8499    354.083  0.000e+00
     45.681     3.8472  29.654186      0.397      4.181      0.000      0.000       8500    354.125  0.000e+00
     45.611     3.8472  29.654186      0.396      4.179      0.000      0.000       8501    354.167  0.000e+00
     45.626     3.8466  29.654251      0.396      4.177      0.000      0.000       8502    354.208  0.000e+00
     45.626     3.8469  29.653861      0.396      4.176      0.000      0.000       8503    354.250  0.000e+00
     45.556     3.8469  29.654088      0.396      4.176      0.000      0.000       8504    354.292  0.000e+00
