testfiles/govdocs/015/015640.txt
* Sea-Bird SBE 9 Raw Data File:
* FileName = C:\CRUISE\OC320\CAST05.DAT
* Software Version 4.222
* Temperature SN = 2265
* Conductivity SN = 1859
* Number of Bytes Per Scan = 27
* Number of Voltage Words = 5
* System UpLoad Time = Apr 01 1998 02:54:39
* NMEA Latitude = 44 17.63 N
* NMEA Longitude = 067 40.18 W
* NMEA UTC (Time) = 07:56:36
** R/V OCEANUS cast5
** OC320  
** Station # cast5
# nquan = 10
# nvalues = 13035                       
# units = metric
# name 0 = pr: pressure [db]
# name 1 = t068: temperature, IPTS-68 [deg C]
# name 2 = c0mS/cm: conductivity [mS/cm]
# name 3 = v1: voltage, number  1 [V]
# name 4 = v2: voltage, number  2 [V]
# name 5 = v4: voltage, number  4 [V]
# name 6 = v6: voltage, number  6 [V]
# name 7 = scan: scan number
# name 8 = timeS: time [s]
# name 9 = flag:  0.000e+00
# span 0 = 3.445, 83.581                          
# span 1 = 3.5898, 4.0614                         
# span 2 = 29.342332, 30.023216                   
# span 3 = 0.320, 0.878                           
# span 4 = 3.827, 4.258                           
# span 5 = 0.000, 0.000                           
# span 6 = 0.000, 1.104                           
# span 7 = 1, 13035                               
# span 8 = 0.000, 543.083                         
# span 9 = 0.000e+00, 0.000e+00                   
# interval = seconds: 0.0416667                   
# start_time = Apr 01 1998 02:54:39
# bad_flag = -9.990e-29
*END*
[from data line 3748]
     72.935     4.0131  29.936943      0.391      3.949      0.000      0.000       3749    156.167  0.000e+00
     73.061     4.0133  29.936813      0.391      3.954      0.000      0.000       3750    156.208  0.000e+00
     72.943     4.0130  29.936518      0.389      3.954      0.000      0.000       3751    156.250  0.000e+00
     72.998     4.0130  29.935996      0.389      3.955      0.000      0.000       3752    156.292  0.000e+00
     72.998     4.0127  29.935180      0.388      3.954      0.000      0.000       3753    156.333  0.000e+00
     72.943     4.0120  29.933907      0.388      3.951      0.000      0.000       3754    156.375  0.000e+00
     72.935     4.0112  29.932993      0.388      3.946      0.000      0.000       3755    156.417  0.000e+00
     72.998     4.0112  29.932111      0.388      3.946      0.000      0.000       3756    156.458  0.000e+00
     72.943     4.0107  29.931687      0.388      3.949      0.000      0.000       3757    156.500  0.000e+00
     72.943     4.0107  29.931948      0.388      3.952      0.000      0.000       3758    156.542  0.000e+00
     72.943     4.0107  29.932079      0.388      3.955      0.000      0.000       3759    156.583  0.000e+00
     72.880     4.0109  29.931948      0.387      3.956      0.000      0.000       3760    156.625  0.000e+00
     72.825     4.0107  29.931882      0.386      3.954      0.000      0.000       3761    156.667  0.000e+00
     73.053     4.0107  29.931491      0.385      3.951      0.000      0.000       3762    156.708  0.000e+00
     72.943     4.0104  29.931360      0.382      3.952      0.000      0.000       3763    156.750  0.000e+00
     72.880     4.0103  29.930871      0.381      3.954      0.000      0.000       3764    156.792  0.000e+00
     72.880     4.0103  29.930838      0.379      3.952      0.000      0.000       3765    156.833  0.000e+00
     72.880     4.0104  29.931262      0.379      3.951      0.000      0.000       3766    156.875  0.000e+00
     72.880     4.0106  29.931524      0.379      3.951      0.000      0.000       3767    156.917  0.000e+00
     72.880     4.0107  29.931426      0.379      3.954      0.000      0.000       3768    156.958  0.000e+00
     72.943     4.0106  29.931360      0.379      3.955      0.000      0.000       3769    157.000  0.000e+00
     72.825     4.0107  29.931393      0.381      3.954      0.000      0.000       3770    157.042  0.000e+00
     72.880     4.0106  29.931360      0.381      3.954      0.000      0.000       3771    157.083  0.000e+00
     72.880     4.0106  29.930871      0.379      3.957      0.000      0.000       3772    157.125  0.000e+00
     72.825     4.0101  29.930152      0.377      3.960      0.000      0.000       3773    157.167  0.000e+00
     72.880     4.0098  29.929793      0.376      3.960      0.000      0.000       3774    157.208  0.000e+00
     72.880     4.0098  29.929565      0.376      3.963      0.000      0.000       3775    157.250  0.000e+00
     72.825     4.0095  29.928781      0.375      3.968      0.000      0.000       3776    157.292  0.000e+00
     72.825     4.0086  29.927116      0.374      3.971      0.000      0.000       3777    157.333  0.000e+00
     72.825     4.0082  29.925941      0.374      3.972      0.000      0.000       3778    157.375  0.000e+00
     72.825     4.0074  29.925027      0.374      3.974      0.000      0.000       3779    157.417  0.000e+00
     72.825     4.0069  29.923885      0.374      3.973      0.000      0.000       3780    157.458  0.000e+00
     72.817     4.0051  29.918956      0.374      3.969      0.000      0.000       3781    157.500  0.000e+00
     72.769     4.0016  29.912298      0.374      3.966      0.000      0.000       3782    157.542  0.000e+00
     72.880     3.9984  29.907926      0.374      3.960      0.000      0.000       3783    157.583  0.000e+00
     72.769     3.9969  29.905641      0.372      3.954      0.000      0.000       3784    157.625  0.000e+00
     72.825     3.9964  29.904238      0.371      3.951      0.000      0.000       3785    157.667  0.000e+00
     72.769     3.9960  29.904303      0.370      3.954      0.000      0.000       3786    157.708  0.000e+00
     72.817     3.9960  29.904956      0.369      3.952      0.000      0.000       3787    157.750  0.000e+00
     72.769     3.9962  29.904956      0.369      3.949      0.000      0.000       3788    157.792  0.000e+00
     72.769     3.9959  29.904891      0.368      3.949      0.000      0.000       3789    157.833  0.000e+00
     72.825     3.9959  29.904891      0.368      3.951      0.000      0.000       3790    157.875  0.000e+00
     72.825     3.9962  29.905413      0.366      3.952      0.000      0.000       3791    157.917  0.000e+00
     72.706     3.9965  29.906979      0.366      3.956      0.000      0.000       3792    157.958  0.000e+00
     72.651     3.9976  29.909067      0.366      3.954      0.000      0.000       3793    158.000  0.000e+00
     72.998     3.9987  29.910667      0.366      3.949      0.000      0.000       3794    158.042  0.000e+00
     72.706     3.9994  29.911907      0.366      3.945      0.000      0.000       3795    158.083  0.000e+00
     72.825     3.9995  29.911907      0.366      3.944      0.000      0.000       3796    158.125  0.000e+00
     72.706     3.9994  29.911580      0.368      3.946      0.000      0.000       3797    158.167  0.000e+00
     72.769     3.9997  29.913637      0.368      3.945      0.000      0.000       3798    158.208  0.000e+00
     72.825     4.0013  29.917880      0.369      3.946      0.000      0.000       3799    158.250  0.000e+00
     72.817     4.0040  29.923853      0.369      3.947      0.000      0.000       3800    158.292  0.000e+00
     72.769     4.0071  29.927737      0.369      3.951      0.000      0.000       3801    158.333  0.000e+00
     72.825     4.0080  29.928716      0.370      3.956      0.000      0.000       3802    158.375  0.000e+00
     72.825     4.0095  29.929663      0.370      3.962      0.000      0.000       3803    158.417  0.000e+00
     72.825     4.0091  29.929434      0.371      3.966      0.000      0.000       3804    158.458  0.000e+00
     72.825     4.0091  29.928194      0.374      3.968      0.000      0.000       3805    158.500  0.000e+00
     72.817     4.0075  29.923591      0.374      3.968      0.000      0.000       3806    158.542  0.000e+00
     72.825     4.0037  29.916313      0.376      3.969      0.000      0.000       3807    158.583  0.000e+00
     72.880     4.0008  29.912756      0.377      3.971      0.000      0.000       3808    158.625  0.000e+00
     72.825     4.0015  29.915399      0.379      3.971      0.000      0.000       3809    158.667  0.000e+00
     72.825     4.0037  29.920719      0.379      3.971      0.000      0.000       3810    158.708  0.000e+00
     72.880     4.0056  29.924277      0.377      3.969      0.000      0.000       3811    158.750  0.000e+00
     72.880     4.0071  29.926562      0.376      3.971      0.000      0.000       3812    158.792  0.000e+00
     72.935     4.0082  29.928194      0.376      3.966      0.000      0.000       3813    158.833  0.000e+00
     72.880     4.0090  29.929434      0.375      3.961      0.000      0.000       3814    158.875  0.000e+00
     72.880     4.0098  29.930936      0.374      3.962      0.000      0.000       3815    158.917  0.000e+00
     72.943     4.0106  29.932634      0.374      3.963      0.000      0.000       3816    158.958  0.000e+00
     72.880     4.0112  29.932862      0.374      3.966      0.000      0.000       3817    159.000  0.000e+00
     72.943     4.0112  29.932601      0.375      3.968      0.000      0.000       3818    159.042  0.000e+00
     72.998     4.0112  29.932242      0.376      3.963      0.000      0.000       3819    159.083  0.000e+00
     72.943     4.0110  29.932242      0.376      3.958      0.000      0.000       3820    159.125  0.000e+00
     73.061     4.0117  29.933385      0.376      3.958      0.000      0.000       3821    159.167  0.000e+00
     72.998     4.0118  29.934103      0.376      3.958      0.000      0.000       3822    159.208  0.000e+00
     73.061     4.0120  29.933515      0.375      3.955      0.000      0.000       3823    159.250  0.000e+00
     73.061     4.0115  29.933613      0.374      3.947      0.000      0.000       3824    159.292  0.000e+00
     73.053     4.0120  29.934299      0.374      3.946      0.000      0.000       3825    159.333  0.000e+00
     73.116     4.0121  29.934789      0.374      3.949      0.000      0.000       3826    159.375  0.000e+00
     73.116     4.0123  29.934756      0.372      3.952      0.000      0.000       3827    159.417  0.000e+00
     73.116     4.0120  29.934691      0.372      3.954      0.000      0.000       3828    159.458  0.000e+00
     73.116     4.0123  29.934364      0.372      3.954      0.000      0.000       3829    159.500  0.000e+00
     73.179     4.0123  29.934724      0.372      3.956      0.000      0.000       3830    159.542  0.000e+00
     73.061     4.0127  29.935964      0.372      3.954      0.000      0.000       3831    159.583  0.000e+00
     73.289     4.0125  29.936030      0.372      3.947      0.000      0.000       3832    159.625  0.000e+00
     73.234     4.0130  29.936030      0.371      3.946      0.000      0.000       3833    159.667  0.000e+00
     73.289     4.0133  29.937336      0.370      3.946      0.000      0.000       3834    159.708  0.000e+00
     73.234     4.0139  29.938315      0.369      3.940      0.000      0.000       3835    159.750  0.000e+00
     73.234     4.0141  29.939164      0.369      3.938      0.000      0.000       3836    159.792  0.000e+00
     73.289     4.0145  29.940078      0.369      3.937      0.000      0.000       3837    159.833  0.000e+00
     73.344     4.0149  29.940862      0.369      3.937      0.000      0.000       3838    159.875  0.000e+00
     73.352     4.0152  29.941090      0.369      3.938      0.000      0.000       3839    159.917  0.000e+00
     73.352     4.0150  29.940535      0.369      3.933      0.000      0.000       3840    159.958  0.000e+00
     73.407     4.0150  29.940536      0.369      3.927      0.000      0.000       3841    160.000  0.000e+00
     73.407     4.0152  29.940601      0.369      3.924      0.000      0.000       3842    160.042  0.000e+00
     73.289     4.0152  29.940927      0.369      3.927      0.000      0.000       3843    160.083  0.000e+00
     73.517     4.0152  29.941058      0.368      3.930      0.000      0.000       3844    160.125  0.000e+00
     73.525     4.0150  29.941058      0.366      3.929      0.000      0.000       3845    160.167  0.000e+00
     73.407     4.0152  29.940960      0.365      3.928      0.000      0.000       3846    160.208  0.000e+00
     73.525     4.0152  29.940993      0.364      3.930      0.000      0.000       3847    160.250  0.000e+00
     73.525     4.0152  29.941581      0.364      3.935      0.000      0.000       3848    160.292  0.000e+00
     73.517     4.0153  29.941809      0.363      3.934      0.000      0.000       3849    160.333  0.000e+00
     73.588     4.0155  29.942136      0.361      3.930      0.000      0.000       3850    160.375  0.000e+00
     73.588     4.0155  29.942430      0.361      3.926      0.000      0.000       3851    160.417  0.000e+00
     73.588     4.0158  29.942822      0.360      3.918      0.000      0.000       3852    160.458  0.000e+00
     73.588     4.0164  29.943703      0.360      3.915      0.000      0.000       3853    160.500  0.000e+00
     73.698     4.0169  29.944618      0.359      3.911      0.000      0.000       3854    160.542  0.000e+00
     73.635     4.0174  29.945172      0.358      3.902      0.000      0.000       3855    160.583  0.000e+00
     73.698     4.0174  29.945499      0.357      3.897      0.000      0.000       3856    160.625  0.000e+00
     73.698     4.0176  29.945760      0.357      3.893      0.000      0.000       3857    160.667  0.000e+00
     73.698     4.0179  29.945956      0.355      3.895      0.000      0.000       3858    160.708  0.000e+00
     73.761     4.0181  29.946903      0.357      3.901      0.000      0.000       3859    160.750  0.000e+00
     73.761     4.0184  29.947034      0.358      3.905      0.000      0.000       3860    160.792  0.000e+00
     73.808     4.0186  29.947557      0.361      3.908      0.000      0.000       3861    160.833  0.000e+00
     73.761     4.0188  29.948046      0.361      3.915      0.000      0.000       3862    160.875  0.000e+00
     73.761     4.0190  29.948340      0.365      3.913      0.000      0.000       3863    160.917  0.000e+00
     73.816     4.0190  29.948210      0.368      3.905      0.000      0.000       3864    160.958  0.000e+00
     73.816     4.0190  29.948210      0.371      3.900      0.000      0.000       3865    161.000  0.000e+00
     73.934     4.0193  29.948536      0.374      3.901      0.000      0.000       3866    161.042  0.000e+00
     73.808     4.0192  29.948634      0.376      3.900      0.000      0.000       3867    161.083  0.000e+00
     73.879     4.0195  29.948798      0.380      3.897      0.000      0.000       3868    161.125  0.000e+00
     73.879     4.0195  29.949091      0.382      3.896      0.000      0.000       3869    161.167  0.000e+00
     73.934     4.0197  29.948961      0.383      3.899      0.000      0.000       3870    161.208  0.000e+00
     73.879     4.0198  29.949026      0.383      3.899      0.000      0.000       3871    161.250  0.000e+00
     73.926     4.0197  29.948765      0.381      3.896      0.000      0.000       3872    161.292  0.000e+00
     73.934     4.0197  29.949157      0.381      3.895      0.000      0.000       3873    161.333  0.000e+00
     73.934     4.0198  29.949255      0.381      3.895      0.000      0.000       3874    161.375  0.000e+00
     73.934     4.0198  29.949647      0.377      3.900      0.000      0.000       3875    161.417  0.000e+00
     73.934     4.0198  29.949810      0.376      3.906      0.000      0.000       3876    161.458  0.000e+00
     73.934     4.0198  29.949973      0.374      3.907      0.000      0.000       3877    161.500  0.000e+00
     73.926     4.0200  29.949941      0.372      3.907      0.000      0.000       3878    161.542  0.000e+00
     73.934     4.0200  29.949320      0.371      3.907      0.000      0.000       3879    161.583  0.000e+00
     73.934     4.0195  29.948406      0.370      3.910      0.000      0.000       3880    161.625  0.000e+00
     73.997     4.0192  29.948145      0.369      3.911      0.000      0.000       3881    161.667  0.000e+00
     73.934     4.0188  29.948047      0.369      3.912      0.000      0.000       3882    161.708  0.000e+00
     73.871     4.0192  29.947949      0.368      3.911      0.000      0.000       3883    161.750  0.000e+00
     73.934     4.0192  29.948079      0.368      3.911      0.000      0.000       3884    161.792  0.000e+00
     73.934     4.0190  29.947818      0.369      3.913      0.000      0.000       3885    161.833  0.000e+00
     73.934     4.0187  29.947590      0.369      3.916      0.000      0.000       3886    161.875  0.000e+00
     73.934     4.0186  29.947132      0.369      3.917      0.000      0.000       3887    161.917  0.000e+00
     73.934     4.0184  29.946969      0.369      3.915      0.000      0.000       3888    161.958  0.000e+00
     73.871     4.0184  29.946969      0.369      3.915      0.000      0.000       3889    162.000  0.000e+00
     73.934     4.0184  29.946871      0.370      3.918      0.000      0.000       3890    162.042  0.000e+00
     73.934     4.0183  29.947100      0.370      3.917      0.000      0.000       3891    162.083  0.000e+00
