testfiles/govdocs/015/015640.txt
* Sea-Bird SBE 9 Raw Data File:
* FileName = C:\CRUISE\OC320\CAST05.DAT
* Software Version 4.222
* Temperature SN = 2265
* Conductivity SN = 1859
* Number of Bytes Per Scan = 27
* Number of Voltage Words = 5
* System UpLoad Time = Apr 01 1998 02:54:39
* NMEA Latitude = 44 17.63 N
* NMEA Longitude = 067 40.18 W
* NMEA UTC (Time) = 07:56:36
** R/V OCEANUS cast5
** OC320  
** Station # cast5
# nquan = 10
# nvalues = 13035                       
# units = metric
# name 0 = pr: pressure [db]
# name 1 = t068: temperature, IPTS-68 [deg C]
# name 2 = c0mS/cm: conductivity [mS/cm]
# name 3 = v1: voltage, number  1 [V]
# name 4 = v2: voltage, number  2 [V]
# name 5 = v4: voltage, number  4 [V]
# name 6 = v6: voltage, number  6 [V]
# name 7 = scan: scan number
# name 8 = timeS: time [s]
# name 9 = flag:  0.000e+00
# span 0 = 3.445, 83.581                          
# span 1 = 3.5898, 4.0614                         
# span 2 = 29.342332, 30.023216                   
# span 3 = 0.320, 0.878                           
# span 4 = 3.827, 4.258                           
# span 5 = 0.000, 0.000                           
# span 6 = 0.000, 1.104                           
# span 7 = 1, 13035                               
# span 8 = 0.000, 543.083                         
# span 9 = 0.000e+00, 0.000e+00                   
# interval = seconds: 0.0416667                   
# start_time = Apr 01 1998 02:54:39
# bad_flag = -9.990e-29
*END*
[from data line 7784]
     53.219     3.8413  29.682596      0.405      4.094      0.000      0.000       7785    324.333  0.000e+00
     53.164     3.8415  29.682498      0.425      4.094      0.000      0.000       7786    324.375  0.000e+00
     53.156     3.8415  29.682433      0.447      4.094      0.000      0.000       7787    324.417  0.000e+00
     53.164     3.8413  29.682433      0.469      4.093      0.000      0.000       7788    324.458  0.000e+00
     53.164     3.8415  29.682271      0.481      4.094      0.000      0.000       7789    324.500  0.000e+00
     53.101     3.8415  29.682368      0.488      4.094      0.000      0.000       7790    324.542  0.000e+00
     53.211     3.8415  29.682596      0.491      4.094      0.000      0.000       7791    324.583  0.000e+00
     53.101     3.8420  29.683018      0.491      4.093      0.000      0.000       7792    324.625  0.000e+00
     53.164     3.8419  29.683149      0.490      4.090      0.000      0.000       7793    324.667  0.000e+00
     53.164     3.8420  29.683149      0.486      4.093      0.000      0.000       7794    324.708  0.000e+00
     53.156     3.8418  29.683474      0.484      4.096      0.000      0.000       7795    324.750  0.000e+00
     53.101     3.8420  29.683084      0.480      4.100      0.000      0.000       7796    324.792  0.000e+00
     53.101     3.8419  29.683246      0.476      4.105      0.000      0.000       7797    324.833  0.000e+00
     53.164     3.8420  29.682856      0.471      4.105      0.000      0.000       7798    324.875  0.000e+00
     53.093     3.8415  29.682498      0.468      4.104      0.000      0.000       7799    324.917  0.000e+00
     53.164     3.8416  29.682596      0.464      4.099      0.000      0.000       7800    324.958  0.000e+00
     53.101     3.8415  29.682336      0.462      4.095      0.000      0.000       7801    325.000  0.000e+00
     53.101     3.8411  29.681685      0.459      4.094      0.000      0.000       7802    325.042  0.000e+00
     53.093     3.8409  29.681490      0.455      4.093      0.000      0.000       7803    325.083  0.000e+00
     53.101     3.8406  29.681653      0.453      4.093      0.000      0.000       7804    325.125  0.000e+00
     53.101     3.8409  29.681392      0.451      4.093      0.000      0.000       7805    325.167  0.000e+00
     53.101     3.8404  29.680742      0.447      4.089      0.000      0.000       7806    325.208  0.000e+00
     53.093     3.8400  29.680026      0.443      4.084      0.000      0.000       7807    325.250  0.000e+00
     52.990     3.8396  29.679668      0.440      4.081      0.000      0.000       7808    325.292  0.000e+00
     53.101     3.8395  29.679604      0.435      4.083      0.000      0.000       7809    325.333  0.000e+00
     53.046     3.8396  29.679441      0.431      4.090      0.000      0.000       7810    325.375  0.000e+00
     53.038     3.8391  29.679213      0.427      4.100      0.000      0.000       7811    325.417  0.000e+00
     52.990     3.8388  29.678465      0.425      4.103      0.000      0.000       7812    325.458  0.000e+00
     53.046     3.8383  29.677522      0.421      4.099      0.000      0.000       7813    325.500  0.000e+00
     53.046     3.8378  29.676579      0.420      4.095      0.000      0.000       7814    325.542  0.000e+00
     53.038     3.8369  29.675799      0.416      4.096      0.000      0.000       7815    325.583  0.000e+00
     52.990     3.8358  29.674595      0.414      4.098      0.000      0.000       7816    325.625  0.000e+00
     52.990     3.8350  29.673360      0.413      4.098      0.000      0.000       7817    325.667  0.000e+00
     53.046     3.8338  29.671636      0.410      4.096      0.000      0.000       7818    325.708  0.000e+00
     52.983     3.8323  29.669100      0.409      4.095      0.000      0.000       7819    325.750  0.000e+00
     52.990     3.8291  29.665166      0.408      4.094      0.000      0.000       7820    325.792  0.000e+00
     52.990     3.8264  29.661101      0.407      4.094      0.000      0.000       7821    325.833  0.000e+00
     52.927     3.8235  29.658403      0.405      4.098      0.000      0.000       7822    325.875  0.000e+00
     52.983     3.8220  29.656550      0.403      4.103      0.000      0.000       7823    325.917  0.000e+00
     52.927     3.8208  29.655054      0.400      4.103      0.000      0.000       7824    325.958  0.000e+00
     52.990     3.8202  29.653917      0.400      4.101      0.000      0.000       7825    326.000  0.000e+00
     52.927     3.8200  29.653396      0.397      4.098      0.000      0.000       7826    326.042  0.000e+00
     52.983     3.8196  29.652421      0.394      4.098      0.000      0.000       7827    326.083  0.000e+00
     52.927     3.8187  29.650893      0.392      4.098      0.000      0.000       7828    326.125  0.000e+00
     52.927     3.8178  29.650016      0.391      4.098      0.000      0.000       7829    326.167  0.000e+00
     52.927     3.8173  29.649821      0.388      4.099      0.000      0.000       7830    326.208  0.000e+00
     52.920     3.8178  29.650113      0.386      4.100      0.000      0.000       7831    326.250  0.000e+00
     52.927     3.8186  29.652194      0.383      4.099      0.000      0.000       7832    326.292  0.000e+00
     52.927     3.8199  29.654632      0.383      4.096      0.000      0.000       7833    326.333  0.000e+00
     52.927     3.8210  29.656062      0.383      4.095      0.000      0.000       7834    326.375  0.000e+00
     52.920     3.8216  29.655997      0.383      4.096      0.000      0.000       7835    326.417  0.000e+00
     52.927     3.8212  29.655087      0.383      4.099      0.000      0.000       7836    326.458  0.000e+00
     52.872     3.8207  29.654209      0.383      4.101      0.000      0.000       7837    326.500  0.000e+00
     52.927     3.8203  29.653656      0.383      4.105      0.000      0.000       7838    326.542  0.000e+00
     52.920     3.8205  29.654112      0.383      4.107      0.000      0.000       7839    326.583  0.000e+00
     52.927     3.8207  29.655119      0.383      4.109      0.000      0.000       7840    326.625  0.000e+00
     52.872     3.8213  29.655737      0.383      4.110      0.000      0.000       7841    326.667  0.000e+00
     52.927     3.8213  29.656387      0.382      4.112      0.000      0.000       7842    326.708  0.000e+00
     52.920     3.8226  29.657850      0.382      4.114      0.000      0.000       7843    326.750  0.000e+00
     52.927     3.8235  29.659476      0.382      4.112      0.000      0.000       7844    326.792  0.000e+00
     52.927     3.8243  29.660028      0.381      4.111      0.000      0.000       7845    326.833  0.000e+00
     52.920     3.8247  29.660841      0.381      4.112      0.000      0.000       7846    326.875  0.000e+00
     52.927     3.8253  29.661589      0.380      4.112      0.000      0.000       7847    326.917  0.000e+00
     52.927     3.8256  29.661069      0.381      4.114      0.000      0.000       7848    326.958  0.000e+00
     52.927     3.8248  29.659638      0.379      4.112      0.000      0.000       7849    327.000  0.000e+00
     52.920     3.8239  29.658858      0.377      4.107      0.000      0.000       7850    327.042  0.000e+00
     52.927     3.8232  29.658013      0.376      4.105      0.000      0.000       7851    327.083  0.000e+00
     52.990     3.8224  29.657135      0.374      4.105      0.000      0.000       7852    327.125  0.000e+00
     52.927     3.8221  29.656322      0.372      4.104      0.000      0.000       7853    327.167  0.000e+00
     52.983     3.8210  29.654014      0.371      4.106      0.000      0.000       7854    327.208  0.000e+00
     52.927     3.8194  29.650861      0.370      4.109      0.000      0.000       7855    327.250  0.000e+00
     52.990     3.8184  29.649723      0.370      4.110      0.000      0.000       7856    327.292  0.000e+00
     52.927     3.8187  29.652356      0.369      4.110      0.000      0.000       7857    327.333  0.000e+00
     52.983     3.8205  29.656127      0.369      4.106      0.000      0.000       7858    327.375  0.000e+00
     52.927     3.8226  29.659021      0.369      4.104      0.000      0.000       7859    327.417  0.000e+00
     52.990     3.8245  29.661394      0.369      4.104      0.000      0.000       7860    327.458  0.000e+00
     52.990     3.8258  29.663052      0.370      4.107      0.000      0.000       7861    327.500  0.000e+00
     53.038     3.8269  29.663963      0.372      4.112      0.000      0.000       7862    327.542  0.000e+00
     52.927     3.8266  29.662890      0.374      4.117      0.000      0.000       7863    327.583  0.000e+00
     52.990     3.8258  29.661232      0.376      4.118      0.000      0.000       7864    327.625  0.000e+00
     53.046     3.8263  29.663313      0.377      4.116      0.000      0.000       7865    327.667  0.000e+00
     52.983     3.8291  29.667474      0.379      4.109      0.000      0.000       7866    327.708  0.000e+00
     52.990     3.8321  29.672092      0.377      4.107      0.000      0.000       7867    327.750  0.000e+00
     52.990     3.8352  29.676254      0.376      4.112      0.000      0.000       7868    327.792  0.000e+00
     52.990     3.8386  29.678823      0.375      4.120      0.000      0.000       7869    327.833  0.000e+00
     53.038     3.8399  29.680254      0.374      4.123      0.000      0.000       7870    327.875  0.000e+00
     52.990     3.8405  29.681229      0.372      4.118      0.000      0.000       7871    327.917  0.000e+00
     52.990     3.8406  29.680969      0.371      4.115      0.000      0.000       7872    327.958  0.000e+00
     53.046     3.8399  29.677652      0.371      4.112      0.000      0.000       7873    328.000  0.000e+00
     52.983     3.8371  29.672872      0.370      4.112      0.000      0.000       7874    328.042  0.000e+00
     53.046     3.8331  29.669197      0.370      4.116      0.000      0.000       7875    328.083  0.000e+00
     53.046     3.8315  29.667637      0.370      4.116      0.000      0.000       7876    328.125  0.000e+00
     52.990     3.8312  29.668254      0.369      4.116      0.000      0.000       7877    328.167  0.000e+00
     53.038     3.8324  29.670173      0.369      4.116      0.000      0.000       7878    328.208  0.000e+00
     53.046     3.8336  29.672287      0.368      4.112      0.000      0.000       7879    328.250  0.000e+00
     52.990     3.8361  29.675246      0.366      4.106      0.000      0.000       7880    328.292  0.000e+00
     53.046     3.8380  29.677490      0.365      4.105      0.000      0.000       7881    328.333  0.000e+00
     53.038     3.8391  29.678303      0.364      4.107      0.000      0.000       7882    328.375  0.000e+00
     52.990     3.8384  29.677555      0.364      4.110      0.000      0.000       7883    328.417  0.000e+00
     53.046     3.8377  29.676384      0.364      4.110      0.000      0.000       7884    328.458  0.000e+00
     53.046     3.8370  29.675734      0.363      4.109      0.000      0.000       7885    328.500  0.000e+00
     53.038     3.8367  29.675799      0.363      4.105      0.000      0.000       7886    328.542  0.000e+00
     52.990     3.8366  29.676351      0.363      4.105      0.000      0.000       7887    328.583  0.000e+00
     53.046     3.8368  29.676547      0.364      4.107      0.000      0.000       7888    328.625  0.000e+00
     52.990     3.8367  29.676384      0.364      4.112      0.000      0.000       7889    328.667  0.000e+00
     53.038     3.8370  29.676644      0.364      4.115      0.000      0.000       7890    328.708  0.000e+00
     53.046     3.8377  29.677327      0.365      4.115      0.000      0.000       7891    328.750  0.000e+00
     52.990     3.8378  29.677522      0.366      4.115      0.000      0.000       7892    328.792  0.000e+00
     53.046     3.8381  29.677847      0.366      4.115      0.000      0.000       7893    328.833  0.000e+00
     53.038     3.8383  29.678303      0.366      4.114      0.000      0.000       7894    328.875  0.000e+00
     52.990     3.8386  29.678433      0.366      4.112      0.000      0.000       7895    328.917  0.000e+00
     52.990     3.8386  29.678628      0.365      4.111      0.000      0.000       7896    328.958  0.000e+00
     53.046     3.8387  29.678498      0.364      4.109      0.000      0.000       7897    329.000  0.000e+00
     52.983     3.8388  29.678628      0.364      4.110      0.000      0.000       7898    329.042  0.000e+00
     52.990     3.8392  29.679018      0.364      4.112      0.000      0.000       7899    329.083  0.000e+00
     53.046     3.8398  29.679831      0.364      4.110      0.000      0.000       7900    329.125  0.000e+00
     52.927     3.8391  29.678335      0.363      4.110      0.000      0.000       7901    329.167  0.000e+00
     53.038     3.8354  29.671571      0.363      4.111      0.000      0.000       7902    329.208  0.000e+00
     52.990     3.8290  29.663572      0.361      4.110      0.000      0.000       7903    329.250  0.000e+00
     52.927     3.8243  29.657135      0.361      4.110      0.000      0.000       7904    329.292  0.000e+00
     52.990     3.8213  29.653364      0.361      4.110      0.000      0.000       7905    329.333  0.000e+00
     52.983     3.8202  29.651543      0.361      4.112      0.000      0.000       7906    329.375  0.000e+00
     52.927     3.8199  29.651088      0.360      4.115      0.000      0.000       7907    329.417  0.000e+00
     52.990     3.8198  29.650438      0.361      4.116      0.000      0.000       7908    329.458  0.000e+00
     52.865     3.8196  29.649560      0.361      4.118      0.000      0.000       7909    329.500  0.000e+00
     52.990     3.8207  29.650406      0.360      4.123      0.000      0.000       7910    329.542  0.000e+00
     52.927     3.8221  29.651966      0.360      4.125      0.000      0.000       7911    329.583  0.000e+00
     52.927     3.8232  29.652876      0.361      4.120      0.000      0.000       7912    329.625  0.000e+00
     52.920     3.8235  29.652908      0.361      4.116      0.000      0.000       7913    329.667  0.000e+00
     52.872     3.8232  29.652031      0.363      4.116      0.000      0.000       7914    329.708  0.000e+00
     52.927     3.8227  29.651348      0.364      4.115      0.000      0.000       7915    329.750  0.000e+00
     52.872     3.8231  29.651510      0.366      4.115      0.000      0.000       7916    329.792  0.000e+00
     52.920     3.8229  29.650958      0.369      4.115      0.000      0.000       7917    329.833  0.000e+00
     52.872     3.8221  29.650080      0.371      4.117      0.000      0.000       7918    329.875  0.000e+00
     52.872     3.8218  29.649950      0.374      4.120      0.000      0.000       7919    329.917  0.000e+00
     52.872     3.8221  29.650178      0.376      4.117      0.000      0.000       7920    329.958  0.000e+00
     52.865     3.8229  29.650828      0.377      4.115      0.000      0.000       7921    330.000  0.000e+00
     52.809     3.8227  29.651120      0.377      4.112      0.000      0.000       7922    330.042  0.000e+00
     52.872     3.8229  29.651023      0.377      4.110      0.000      0.000       7923    330.083  0.000e+00
     52.872     3.8234  29.650958      0.377      4.114      0.000      0.000       7924    330.125  0.000e+00
     52.802     3.8229  29.650665      0.376      4.118      0.000      0.000       7925    330.167  0.000e+00
     52.809     3.8229  29.650860      0.376      4.122      0.000      0.000       7926    330.208  0.000e+00
     52.809     3.8229  29.650958      0.376      4.126      0.000      0.000       7927    330.250  0.000e+00
