testfiles/govdocs/015/015640.txt
* Sea-Bird SBE 9 Raw Data File:
* FileName = C:\CRUISE\OC320\CAST05.DAT
* Software Version 4.222
* Temperature SN = 2265
* Conductivity SN = 1859
* Number of Bytes Per Scan = 27
* Number of Voltage Words = 5
* System UpLoad Time = Apr 01 1998 02:54:39
* NMEA Latitude = 44 17.63 N
* NMEA Longitude = 067 40.18 W
* NMEA UTC (Time) = 07:56:36
** R/V OCEANUS cast5
** OC320  
** Station # cast5
# nquan = 10
# nvalues = 13035                       
# units = metric
# name 0 = pr: pressure [db]
# name 1 = t068: temperature, IPTS-68 [deg C]
# name 2 = c0mS/cm: conductivity [mS/cm]
# name 3 = v1: voltage, number  1 [V]
# name 4 = v2: voltage, number  2 [V]
# name 5 = v4: voltage, number  4 [V]
# name 6 = v6: voltage, number  6 [V]
# name 7 = scan: scan number
# name 8 = timeS: time [s]
# name 9 = flag:  0.000e+00
# span 0 = 3.445, 83.581                          
# span 1 = 3.5898, 4.0614                         
# span 2 = 29.342332, 30.023216                   
# span 3 = 0.320, 0.878                           
# span 4 = 3.827, 4.258                           
# span 5 = 0.000, 0.000                           
# span 6 = 0.000, 1.104                           
# span 7 = 1, 13035                               
# span 8 = 0.000, 543.083                         
# span 9 = 0.000e+00, 0.000e+00                   
# interval = seconds: 0.0416667                   
# start_time = Apr 01 1998 02:54:39
# bad_flag = -9.990e-29
*END*
[from data line 7064]
     63.621     3.9811  29.854467      0.381      4.078      0.000      0.000       7065    294.333  0.000e+00
     63.566     3.9811  29.854630      0.381      4.077      0.000      0.000       7066    294.375  0.000e+00
     63.566     3.9812  29.854890      0.381      4.076      0.000      0.000       7067    294.417  0.000e+00
     63.511     3.9812  29.855249      0.380      4.073      0.000      0.000       7068    294.458  0.000e+00
     63.566     3.9814  29.855086      0.379      4.070      0.000      0.000       7069    294.500  0.000e+00
     63.448     3.9814  29.854597      0.379      4.066      0.000      0.000       7070    294.542  0.000e+00
     63.511     3.9811  29.854303      0.381      4.065      0.000      0.000       7071    294.583  0.000e+00
     63.393     3.9807  29.854238      0.379      4.063      0.000      0.000       7072    294.625  0.000e+00
     63.448     3.9806  29.853879      0.381      4.065      0.000      0.000       7073    294.667  0.000e+00
     63.330     3.9807  29.854270      0.382      4.066      0.000      0.000       7074    294.708  0.000e+00
     63.393     3.9809  29.854597      0.383      4.067      0.000      0.000       7075    294.750  0.000e+00
     63.275     3.9809  29.855216      0.386      4.070      0.000      0.000       7076    294.792  0.000e+00
     63.330     3.9814  29.856292      0.388      4.070      0.000      0.000       7077    294.833  0.000e+00
     63.275     3.9819  29.857074      0.388      4.066      0.000      0.000       7078    294.875  0.000e+00
     63.212     3.9820  29.857661      0.391      4.065      0.000      0.000       7079    294.917  0.000e+00
     63.156     3.9820  29.857596      0.391      4.065      0.000      0.000       7080    294.958  0.000e+00
     63.212     3.9822  29.857889      0.391      4.063      0.000      0.000       7081    295.000  0.000e+00
     63.101     3.9823  29.858509      0.392      4.065      0.000      0.000       7082    295.042  0.000e+00
     63.094     3.9825  29.858867      0.393      4.065      0.000      0.000       7083    295.083  0.000e+00
     63.038     3.9825  29.858443      0.393      4.063      0.000      0.000       7084    295.125  0.000e+00
     63.101     3.9826  29.859096      0.393      4.061      0.000      0.000       7085    295.167  0.000e+00
     62.983     3.9823  29.859389      0.394      4.059      0.000      0.000       7086    295.208  0.000e+00
     62.983     3.9825  29.859584      0.394      4.059      0.000      0.000       7087    295.250  0.000e+00
     62.865     3.9830  29.859780      0.396      4.059      0.000      0.000       7088    295.292  0.000e+00
     62.983     3.9826  29.860400      0.394      4.060      0.000      0.000       7089    295.333  0.000e+00
     62.865     3.9828  29.860954      0.393      4.063      0.000      0.000       7090    295.375  0.000e+00
     62.802     3.9830  29.861051      0.392      4.066      0.000      0.000       7091    295.417  0.000e+00
     62.747     3.9826  29.860203      0.391      4.063      0.000      0.000       7092    295.458  0.000e+00
     62.865     3.9822  29.859389      0.389      4.061      0.000      0.000       7093    295.500  0.000e+00
     62.692     3.9822  29.859160      0.388      4.057      0.000      0.000       7094    295.542  0.000e+00
     62.692     3.9822  29.857953      0.387      4.057      0.000      0.000       7095    295.583  0.000e+00
     62.692     3.9812  29.856486      0.386      4.059      0.000      0.000       7096    295.625  0.000e+00
     62.629     3.9806  29.854888      0.385      4.060      0.000      0.000       7097    295.667  0.000e+00
     62.629     3.9802  29.854464      0.383      4.059      0.000      0.000       7098    295.708  0.000e+00
     62.511     3.9806  29.854985      0.383      4.059      0.000      0.000       7099    295.750  0.000e+00
     62.511     3.9811  29.856224      0.383      4.057      0.000      0.000       7100    295.792  0.000e+00
     62.511     3.9814  29.856387      0.383      4.055      0.000      0.000       7101    295.833  0.000e+00
     62.393     3.9814  29.857202      0.383      4.053      0.000      0.000       7102    295.875  0.000e+00
     62.511     3.9814  29.857366      0.383      4.053      0.000      0.000       7103    295.917  0.000e+00
     62.338     3.9812  29.855865      0.386      4.054      0.000      0.000       7104    295.958  0.000e+00
     62.393     3.9806  29.854528      0.391      4.057      0.000      0.000       7105    296.000  0.000e+00
     62.283     3.9796  29.853550      0.398      4.060      0.000      0.000       7106    296.042  0.000e+00
     62.338     3.9795  29.852605      0.407      4.060      0.000      0.000       7107    296.083  0.000e+00
     62.283     3.9791  29.852148      0.415      4.060      0.000      0.000       7108    296.125  0.000e+00
     62.165     3.9788  29.851398      0.425      4.059      0.000      0.000       7109    296.167  0.000e+00
     62.220     3.9785  29.850974      0.432      4.059      0.000      0.000       7110    296.208  0.000e+00
     62.165     3.9788  29.851267      0.440      4.059      0.000      0.000       7111    296.250  0.000e+00
     62.165     3.9790  29.851528      0.440      4.059      0.000      0.000       7112    296.292  0.000e+00
     62.102     3.9791  29.851463      0.441      4.056      0.000      0.000       7113    296.333  0.000e+00
     62.102     3.9788  29.851234      0.442      4.054      0.000      0.000       7114    296.375  0.000e+00
     62.047     3.9787  29.851299      0.442      4.051      0.000      0.000       7115    296.417  0.000e+00
     62.047     3.9790  29.851560      0.440      4.051      0.000      0.000       7116    296.458  0.000e+00
     61.984     3.9788  29.851788      0.440      4.051      0.000      0.000       7117    296.500  0.000e+00
     62.047     3.9790  29.851528      0.435      4.054      0.000      0.000       7118    296.542  0.000e+00
     61.929     3.9788  29.851690      0.432      4.055      0.000      0.000       7119    296.583  0.000e+00
     61.874     3.9791  29.851527      0.429      4.055      0.000      0.000       7120    296.625  0.000e+00
     61.929     3.9790  29.851560      0.425      4.054      0.000      0.000       7121    296.667  0.000e+00
     61.929     3.9790  29.852147      0.422      4.053      0.000      0.000       7122    296.708  0.000e+00
     61.874     3.9793  29.852147      0.420      4.054      0.000      0.000       7123    296.750  0.000e+00
     61.874     3.9793  29.852081      0.415      4.055      0.000      0.000       7124    296.792  0.000e+00
     61.811     3.9791  29.851918      0.413      4.055      0.000      0.000       7125    296.833  0.000e+00
     61.811     3.9788  29.850092      0.410      4.054      0.000      0.000       7126    296.875  0.000e+00
     61.811     3.9777  29.847745      0.409      4.054      0.000      0.000       7127    296.917  0.000e+00
     61.811     3.9772  29.846278      0.409      4.055      0.000      0.000       7128    296.958  0.000e+00
     61.756     3.9769  29.845462      0.409      4.055      0.000      0.000       7129    297.000  0.000e+00
     61.756     3.9764  29.844745      0.409      4.057      0.000      0.000       7130    297.042  0.000e+00
     61.693     3.9763  29.844549      0.409      4.056      0.000      0.000       7131    297.083  0.000e+00
     61.756     3.9766  29.844387      0.410      4.053      0.000      0.000       7132    297.125  0.000e+00
     61.693     3.9764  29.844321      0.410      4.049      0.000      0.000       7133    297.167  0.000e+00
     61.693     3.9764  29.843962      0.410      4.046      0.000      0.000       7134    297.208  0.000e+00
     61.693     3.9764  29.843995      0.410      4.045      0.000      0.000       7135    297.250  0.000e+00
     61.575     3.9763  29.843571      0.410      4.045      0.000      0.000       7136    297.292  0.000e+00
     61.693     3.9763  29.843539      0.410      4.046      0.000      0.000       7137    297.333  0.000e+00
     61.575     3.9758  29.843441      0.411      4.048      0.000      0.000       7138    297.375  0.000e+00
     61.693     3.9761  29.843539      0.411      4.053      0.000      0.000       7139    297.417  0.000e+00
     61.575     3.9756  29.843082      0.413      4.057      0.000      0.000       7140    297.458  0.000e+00
     61.638     3.9756  29.842887      0.413      4.057      0.000      0.000       7141    297.500  0.000e+00
     61.575     3.9755  29.842202      0.414      4.055      0.000      0.000       7142    297.542  0.000e+00
     61.575     3.9752  29.842104      0.414      4.054      0.000      0.000       7143    297.583  0.000e+00
     61.520     3.9747  29.841484      0.415      4.053      0.000      0.000       7144    297.625  0.000e+00
     61.575     3.9735  29.840181      0.415      4.055      0.000      0.000       7145    297.667  0.000e+00
     61.575     3.9724  29.838257      0.415      4.057      0.000      0.000       7146    297.708  0.000e+00
     61.575     3.9711  29.837018      0.415      4.061      0.000      0.000       7147    297.750  0.000e+00
     61.520     3.9697  29.835388      0.415      4.061      0.000      0.000       7148    297.792  0.000e+00
     61.465     3.9691  29.834541      0.415      4.060      0.000      0.000       7149    297.833  0.000e+00
     61.575     3.9686  29.834215      0.415      4.061      0.000      0.000       7150    297.875  0.000e+00
     61.520     3.9686  29.834150      0.415      4.061      0.000      0.000       7151    297.917  0.000e+00
     61.520     3.9689  29.834508      0.415      4.060      0.000      0.000       7152    297.958  0.000e+00
     61.465     3.9691  29.834476      0.415      4.061      0.000      0.000       7153    298.000  0.000e+00
     61.465     3.9685  29.834052      0.415      4.063      0.000      0.000       7154    298.042  0.000e+00
     61.465     3.9678  29.833041      0.414      4.066      0.000      0.000       7155    298.083  0.000e+00
     61.465     3.9672  29.831868      0.413      4.070      0.000      0.000       7156    298.125  0.000e+00
     61.465     3.9667  29.831379      0.411      4.070      0.000      0.000       7157    298.167  0.000e+00
     61.284     3.9658  29.830824      0.411      4.073      0.000      0.000       7158    298.208  0.000e+00
     61.575     3.9657  29.830108      0.410      4.079      0.000      0.000       7159    298.250  0.000e+00
     61.402     3.9651  29.829554      0.409      4.081      0.000      0.000       7160    298.292  0.000e+00
     61.402     3.9645  29.828934      0.408      4.078      0.000      0.000       7161    298.333  0.000e+00
     61.347     3.9642  29.828576      0.407      4.078      0.000      0.000       7162    298.375  0.000e+00
     61.402     3.9637  29.827989      0.405      4.073      0.000      0.000       7163    298.417  0.000e+00
     61.347     3.9635  29.827630      0.405      4.065      0.000      0.000       7164    298.458  0.000e+00
     61.347     3.9632  29.827761      0.405      4.061      0.000      0.000       7165    298.500  0.000e+00
     61.284     3.9637  29.828510      0.408      4.065      0.000      0.000       7166    298.542  0.000e+00
     61.347     3.9646  29.829065      0.409      4.070      0.000      0.000       7167    298.583  0.000e+00
     61.284     3.9648  29.828869      0.411      4.071      0.000      0.000       7168    298.625  0.000e+00
     61.284     3.9637  29.827337      0.415      4.070      0.000      0.000       7169    298.667  0.000e+00
     61.229     3.9627  29.826489      0.418      4.067      0.000      0.000       7170    298.708  0.000e+00
     61.229     3.9621  29.825870      0.420      4.065      0.000      0.000       7171    298.750  0.000e+00
     61.284     3.9617  29.825316      0.420      4.061      0.000      0.000       7172    298.792  0.000e+00
     61.166     3.9608  29.824143      0.420      4.061      0.000      0.000       7173    298.833  0.000e+00
     61.166     3.9607  29.823621      0.419      4.059      0.000      0.000       7174    298.875  0.000e+00
     61.166     3.9601  29.823556      0.418      4.056      0.000      0.000       7175    298.917  0.000e+00
     61.166     3.9595  29.822480      0.418      4.054      0.000      0.000       7176    298.958  0.000e+00
     61.111     3.9586  29.821796      0.418      4.054      0.000      0.000       7177    299.000  0.000e+00
     61.111     3.9583  29.821307      0.416      4.054      0.000      0.000       7178    299.042  0.000e+00
     61.055     3.9576  29.820688      0.416      4.054      0.000      0.000       7179    299.083  0.000e+00
     61.055     3.9575  29.819971      0.415      4.053      0.000      0.000       7180    299.125  0.000e+00
     60.993     3.9560  29.818015      0.415      4.051      0.000      0.000       7181    299.167  0.000e+00
     60.874     3.9552  29.817591      0.415      4.051      0.000      0.000       7182    299.208  0.000e+00
     61.229     3.9550  29.818146      0.416      4.053      0.000      0.000       7183    299.250  0.000e+00
     60.937     3.9556  29.818862      0.416      4.053      0.000      0.000       7184    299.292  0.000e+00
     60.937     3.9567  29.819384      0.418      4.053      0.000      0.000       7185    299.333  0.000e+00
     60.874     3.9571  29.820198      0.418      4.051      0.000      0.000       7186    299.375  0.000e+00
     60.937     3.9573  29.820003      0.420      4.049      0.000      0.000       7187    299.417  0.000e+00
     60.874     3.9562  29.818732      0.420      4.046      0.000      0.000       7188    299.458  0.000e+00
     60.874     3.9547  29.817656      0.420      4.045      0.000      0.000       7189    299.500  0.000e+00
     60.819     3.9545  29.817070      0.420      4.045      0.000      0.000       7190    299.542  0.000e+00
     60.819     3.9543  29.816255      0.420      4.044      0.000      0.000       7191    299.583  0.000e+00
     60.756     3.9527  29.814951      0.420      4.043      0.000      0.000       7192    299.625  0.000e+00
     60.638     3.9521  29.814234      0.421      4.044      0.000      0.000       7193    299.667  0.000e+00
     60.874     3.9517  29.813941      0.422      4.046      0.000      0.000       7194    299.708  0.000e+00
     60.701     3.9514  29.814039      0.422      4.046      0.000      0.000       7195    299.750  0.000e+00
     60.701     3.9521  29.814625      0.422      4.045      0.000      0.000       7196    299.792  0.000e+00
     60.646     3.9532  29.815505      0.424      4.045      0.000      0.000       7197    299.833  0.000e+00
     60.583     3.9536  29.816352      0.422      4.048      0.000      0.000       7198    299.875  0.000e+00
     60.583     3.9541  29.816645      0.422      4.049      0.000      0.000       7199    299.917  0.000e+00
     60.646     3.9541  29.816874      0.420      4.049      0.000      0.000       7200    299.958  0.000e+00
     60.528     3.9547  29.817264      0.420      4.050      0.000      0.000       7201    300.000  0.000e+00
     60.528     3.9545  29.817753      0.415      4.051      0.000      0.000       7202    300.042  0.000e+00
     60.465     3.9548  29.817720      0.414      4.050      0.000      0.000       7203    300.083  0.000e+00
     60.520     3.9552  29.818144      0.411      4.048      0.000      0.000       7204    300.125  0.000e+00
     60.465     3.9554  29.818861      0.409      4.045      0.000      0.000       7205    300.167  0.000e+00
     60.410     3.9557  29.818372      0.408      4.044      0.000      0.000       7206    300.208  0.000e+00
     60.347     3.9545  29.817622      0.405      4.045      0.000      0.000       7207    300.250  0.000e+00
