testfiles/govdocs/068/068073.txt
* Sea-Bird SBE 9 Raw Data File:
* FileName = C:\CRUISE\OC320\CAST40.DAT
* Software Version 4.222
* Temperature SN = 2265
* Conductivity SN = 1859
* Number of Bytes Per Scan = 27
* Number of Voltage Words = 5
* System UpLoad Time = Apr 02 1998 21:11:43
* NMEA Latitude = 43 36.18 N
* NMEA Longitude = 069 53.49 W
* NMEA UTC (Time) = 02:13:42
** R/V OCEANUS cast40
** OC320  
** Station # cast40
# nquan = 10
# nvalues = 9448                        
# units = metric
# name 0 = pr: pressure [db]
# name 1 = t068: temperature, IPTS-68 [deg C]
# name 2 = c0mS/cm: conductivity [mS/cm]
# name 3 = v1: voltage, number  1 [V]
# name 4 = v2: voltage, number  2 [V]
# name 5 = v4: voltage, number  4 [V]
# name 6 = v6: voltage, number  6 [V]
# name 7 = scan: scan number
# name 8 = timeS: time [s]
# name 9 = flag:  0.000e+00
# span 0 = 0.860, 77.746                          
# span 1 = 2.9759, 4.2716                         
# span 2 = 0.366716, 28.933656                    
# span 3 = 0.061, 1.929                           
# span 4 = 0.007, 4.683                           
# span 5 = 0.000, 1.045                           
# span 6 = 0.000, 1.939                           
# span 7 = 1, 9448                                
# span 8 = 0.000, 393.625                         
# span 9 = 0.000e+00, 0.000e+00                   
# interval = seconds: 0.0416667                   
# start_time = Apr 02 1998 21:11:43
# bad_flag = -9.990e-29
*END*
[from data line 2595]
     46.604     3.0086  28.677842      0.281      4.564      0.000      0.000       2596    108.125  0.000e+00
     46.634     3.0086  28.677955      0.280      4.565      0.000      0.000       2597    108.167  0.000e+00
     46.664     3.0087  28.677901      0.280      4.564      0.000      0.000       2598    108.208  0.000e+00
     46.694     3.0088  28.677914      0.278      4.564      0.000      0.000       2599    108.250  0.000e+00
     46.722     3.0089  28.677880      0.277      4.564      0.000      0.000       2600    108.292  0.000e+00
     46.750     3.0086  28.677671      0.276      4.563      0.000      0.000       2601    108.333  0.000e+00
     46.778     3.0081  28.677373      0.275      4.562      0.000      0.000       2602    108.375  0.000e+00
     46.807     3.0078  28.677163      0.275      4.559      0.000      0.000       2603    108.417  0.000e+00
     46.836     3.0075  28.677275      0.274      4.559      0.000      0.000       2604    108.458  0.000e+00
     46.864     3.0078  28.677601      0.275      4.562      0.000      0.000       2605    108.500  0.000e+00
     46.894     3.0080  28.677937      0.276      4.563      0.000      0.000       2606    108.542  0.000e+00
     46.924     3.0082  28.678314      0.276      4.563      0.000      0.000       2607    108.583  0.000e+00
     46.952     3.0086  28.678772      0.278      4.562      0.000      0.000       2608    108.625  0.000e+00
     46.980     3.0089  28.679339      0.278      4.563      0.000      0.000       2609    108.667  0.000e+00
     47.010     3.0096  28.680055      0.280      4.562      0.000      0.000       2610    108.708  0.000e+00
     47.040     3.0101  28.680784      0.280      4.562      0.000      0.000       2611    108.750  0.000e+00
     47.068     3.0108  28.681351      0.280      4.562      0.000      0.000       2612    108.792  0.000e+00
     47.097     3.0108  28.681817      0.280      4.562      0.000      0.000       2613    108.833  0.000e+00
     47.125     3.0114  28.682214      0.280      4.562      0.000      0.000       2614    108.875  0.000e+00
     47.154     3.0120  28.682457      0.278      4.564      0.000      0.000       2615    108.917  0.000e+00
     47.183     3.0119  28.682537      0.278      4.565      0.000      0.000       2616    108.958  0.000e+00
     47.212     3.0120  28.682565      0.277      4.567      0.000      0.000       2617    109.000  0.000e+00
     47.241     3.0119  28.682641      0.276      4.567      0.000      0.000       2618    109.042  0.000e+00
     47.270     3.0119  28.682754      0.275      4.567      0.000      0.000       2619    109.083  0.000e+00
     47.298     3.0120  28.682905      0.274      4.567      0.000      0.000       2620    109.125  0.000e+00
     47.325     3.0122  28.683082      0.274      4.568      0.000      0.000       2621    109.167  0.000e+00
     47.353     3.0123  28.683276      0.272      4.568      0.000      0.000       2622    109.208  0.000e+00
     47.382     3.0124  28.683512      0.271      4.567      0.000      0.000       2623    109.250  0.000e+00
     47.410     3.0127  28.683849      0.270      4.565      0.000      0.000       2624    109.292  0.000e+00
     47.439     3.0130  28.684230      0.270      4.564      0.000      0.000       2625    109.333  0.000e+00
     47.469     3.0133  28.684463      0.269      4.564      0.000      0.000       2626    109.375  0.000e+00
     47.502     3.0135  28.684345      0.269      4.565      0.000      0.000       2627    109.417  0.000e+00
     47.531     3.0133  28.683664      0.269      4.567      0.000      0.000       2628    109.458  0.000e+00
     47.559     3.0119  28.682428      0.269      4.567      0.000      0.000       2629    109.500  0.000e+00
     47.586     3.0096  28.680912      0.269      4.565      0.000      0.000       2630    109.542  0.000e+00
     47.614     3.0080  28.679439      0.267      4.563      0.000      0.000       2631    109.583  0.000e+00
     47.643     3.0060  28.678172      0.266      4.563      0.000      0.000       2632    109.625  0.000e+00
     47.672     3.0045  28.677220      0.266      4.563      0.000      0.000       2633    109.667  0.000e+00
     47.701     3.0035  28.676698      0.265      4.563      0.000      0.000       2634    109.708  0.000e+00
     47.731     3.0030  28.676521      0.264      4.562      0.000      0.000       2635    109.750  0.000e+00
     47.760     3.0029  28.676551      0.263      4.560      0.000      0.000       2636    109.792  0.000e+00
     47.789     3.0027  28.676677      0.261      4.559      0.000      0.000       2637    109.833  0.000e+00
     47.817     3.0027  28.676809      0.260      4.557      0.000      0.000       2638    109.875  0.000e+00
     47.846     3.0029  28.676960      0.259      4.558      0.000      0.000       2639    109.917  0.000e+00
     47.876     3.0027  28.677111      0.258      4.560      0.000      0.000       2640    109.958  0.000e+00
     47.904     3.0029  28.677193      0.256      4.562      0.000      0.000       2641    110.000  0.000e+00
     47.933     3.0025  28.677185      0.255      4.562      0.000      0.000       2642    110.042  0.000e+00
     47.962     3.0025  28.677157      0.255      4.560      0.000      0.000       2643    110.083  0.000e+00
     47.990     3.0027  28.677213      0.254      4.559      0.000      0.000       2644    110.125  0.000e+00
     48.018     3.0025  28.677282      0.254      4.559      0.000      0.000       2645    110.167  0.000e+00
     48.046     3.0027  28.677318      0.254      4.559      0.000      0.000       2646    110.208  0.000e+00
     48.075     3.0025  28.677719      0.253      4.560      0.000      0.000       2647    110.250  0.000e+00
     48.105     3.0032  28.678857      0.253      4.556      0.000      0.000       2648    110.292  0.000e+00
     48.134     3.0051  28.680527      0.253      4.552      0.000      0.000       2649    110.333  0.000e+00
     48.162     3.0072  28.682221      0.253      4.554      0.000      0.000       2650    110.375  0.000e+00
     48.190     3.0086  28.683523      0.252      4.560      0.000      0.000       2651    110.417  0.000e+00
     48.219     3.0097  28.684332      0.252      4.563      0.000      0.000       2652    110.458  0.000e+00
     48.248     3.0103  28.684722      0.253      4.564      0.000      0.000       2653    110.500  0.000e+00
     48.277     3.0106  28.684828      0.254      4.564      0.000      0.000       2654    110.542  0.000e+00
     48.307     3.0105  28.684804      0.256      4.563      0.000      0.000       2655    110.583  0.000e+00
     48.337     3.0103  28.684742      0.258      4.559      0.000      0.000       2656    110.625  0.000e+00
     48.367     3.0102  28.684781      0.260      4.558      0.000      0.000       2657    110.667  0.000e+00
     48.398     3.0103  28.685044      0.263      4.560      0.000      0.000       2658    110.708  0.000e+00
     48.427     3.0106  28.685486      0.264      4.563      0.000      0.000       2659    110.750  0.000e+00
     48.457     3.0111  28.685967      0.265      4.564      0.000      0.000       2660    110.792  0.000e+00
     48.488     3.0111  28.686367      0.265      4.564      0.000      0.000       2661    110.833  0.000e+00
     48.517     3.0116  28.686565      0.265      4.564      0.000      0.000       2662    110.875  0.000e+00
     48.547     3.0116  28.686563      0.265      4.564      0.000      0.000       2663    110.917  0.000e+00
     48.578     3.0116  28.686514      0.265      4.565      0.000      0.000       2664    110.958  0.000e+00
     48.608     3.0113  28.686515      0.266      4.565      0.000      0.000       2665    111.000  0.000e+00
     48.638     3.0114  28.686614      0.266      4.567      0.000      0.000       2666    111.042  0.000e+00
     48.669     3.0116  28.686875      0.267      4.565      0.000      0.000       2667    111.083  0.000e+00
     48.700     3.0122  28.687233      0.269      4.563      0.000      0.000       2668    111.125  0.000e+00
     48.730     3.0119  28.687531      0.269      4.562      0.000      0.000       2669    111.167  0.000e+00
     48.761     3.0120  28.687685      0.271      4.562      0.000      0.000       2670    111.208  0.000e+00
     48.792     3.0120  28.687641      0.274      4.562      0.000      0.000       2671    111.250  0.000e+00
     48.824     3.0122  28.687405      0.276      4.564      0.000      0.000       2672    111.292  0.000e+00
     48.855     3.0116  28.687057      0.278      4.564      0.000      0.000       2673    111.333  0.000e+00
     48.886     3.0113  28.686767      0.281      4.562      0.000      0.000       2674    111.375  0.000e+00
     48.918     3.0108  28.686693      0.283      4.562      0.000      0.000       2675    111.417  0.000e+00
     48.950     3.0105  28.686865      0.284      4.563      0.000      0.000       2676    111.458  0.000e+00
     48.982     3.0106  28.687322      0.286      4.564      0.000      0.000       2677    111.500  0.000e+00
     49.015     3.0111  28.688147      0.286      4.563      0.000      0.000       2678    111.542  0.000e+00
     49.048     3.0119  28.689353      0.286      4.564      0.000      0.000       2679    111.583  0.000e+00
     49.080     3.0128  28.690821      0.286      4.565      0.000      0.000       2680    111.625  0.000e+00
     49.112     3.0145  28.692335      0.284      4.567      0.000      0.000       2681    111.667  0.000e+00
     49.145     3.0157  28.693821      0.283      4.565      0.000      0.000       2682    111.708  0.000e+00
     49.176     3.0173  28.695327      0.282      4.565      0.000      0.000       2683    111.750  0.000e+00
     49.208     3.0190  28.696711      0.281      4.567      0.000      0.000       2684    111.792  0.000e+00
     49.240     3.0199  28.697909      0.278      4.565      0.000      0.000       2685    111.833  0.000e+00
     49.273     3.0208  28.699014      0.278      4.564      0.000      0.000       2686    111.875  0.000e+00
     49.306     3.0216  28.699997      0.277      4.563      0.000      0.000       2687    111.917  0.000e+00
     49.338     3.0224  28.700922      0.277      4.563      0.000      0.000       2688    111.958  0.000e+00
     49.370     3.0229  28.701797      0.277      4.564      0.000      0.000       2689    112.000  0.000e+00
     49.402     3.0232  28.702552      0.277      4.564      0.000      0.000       2690    112.042  0.000e+00
     49.433     3.0240  28.703395      0.277      4.564      0.000      0.000       2691    112.083  0.000e+00
     49.465     3.0246  28.704456      0.276      4.564      0.000      0.000       2692    112.125  0.000e+00
     49.496     3.0249  28.705492      0.276      4.564      0.000      0.000       2693    112.167  0.000e+00
     49.528     3.0256  28.706321      0.274      4.564      0.000      0.000       2694    112.208  0.000e+00
     49.561     3.0260  28.706973      0.272      4.564      0.000      0.000       2695    112.250  0.000e+00
     49.594     3.0262  28.707572      0.271      4.563      0.000      0.000       2696    112.292  0.000e+00
     49.625     3.0264  28.708359      0.271      4.563      0.000      0.000       2697    112.333  0.000e+00
     49.656     3.0271  28.709529      0.271      4.560      0.000      0.000       2698    112.375  0.000e+00
     49.686     3.0276  28.711493      0.272      4.559      0.000      0.000       2699    112.417  0.000e+00
     49.716     3.0289  28.714721      0.274      4.559      0.000      0.000       2700    112.458  0.000e+00
     49.747     3.0318  28.718744      0.275      4.560      0.000      0.000       2701    112.500  0.000e+00
     49.778     3.0345  28.722400      0.276      4.559      0.000      0.000       2702    112.542  0.000e+00
     49.809     3.0366  28.725124      0.276      4.558      0.000      0.000       2703    112.583  0.000e+00
     49.841     3.0384  28.727035      0.276      4.558      0.000      0.000       2704    112.625  0.000e+00
     49.872     3.0396  28.728289      0.275      4.558      0.000      0.000       2705    112.667  0.000e+00
     49.901     3.0405  28.729178      0.274      4.558      0.000      0.000       2706    112.708  0.000e+00
     49.931     3.0412  28.729976      0.274      4.558      0.000      0.000       2707    112.750  0.000e+00
     49.961     3.0420  28.730583      0.274      4.558      0.000      0.000       2708    112.792  0.000e+00
     49.989     3.0421  28.731005      0.272      4.558      0.000      0.000       2709    112.833  0.000e+00
     50.018     3.0426  28.731514      0.271      4.559      0.000      0.000       2710    112.875  0.000e+00
     50.048     3.0431  28.732221      0.271      4.560      0.000      0.000       2711    112.917  0.000e+00
     50.077     3.0435  28.732982      0.271      4.560      0.000      0.000       2712    112.958  0.000e+00
     50.106     3.0443  28.733643      0.270      4.559      0.000      0.000       2713    113.000  0.000e+00
     50.135     3.0451  28.734103      0.269      4.558      0.000      0.000       2714    113.042  0.000e+00
     50.161     3.0454  28.734296      0.267      4.557      0.000      0.000       2715    113.083  0.000e+00
     50.187     3.0454  28.734385      0.266      4.557      0.000      0.000       2716    113.125  0.000e+00
     50.214     3.0454  28.734501      0.265      4.557      0.000      0.000       2717    113.167  0.000e+00
     50.241     3.0454  28.734556      0.264      4.557      0.000      0.000       2718    113.208  0.000e+00
     50.270     3.0459  28.734613      0.264      4.554      0.000      0.000       2719    113.250  0.000e+00
     50.302     3.0459  28.734729      0.264      4.552      0.000      0.000       2720    113.292  0.000e+00
     50.332     3.0457  28.734809      0.264      4.552      0.000      0.000       2721    113.333  0.000e+00
     50.358     3.0459  28.734870      0.264      4.552      0.000      0.000       2722    113.375  0.000e+00
     50.384     3.0461  28.734941      0.264      4.549      0.000      0.000       2723    113.417  0.000e+00
     50.410     3.0461  28.735019      0.265      4.549      0.000      0.000       2724    113.458  0.000e+00
     50.435     3.0462  28.735170      0.269      4.551      0.000      0.000       2725    113.500  0.000e+00
     50.461     3.0460  28.735345      0.272      4.551      0.000      0.000       2726    113.542  0.000e+00
     50.487     3.0462  28.735411      0.276      4.551      0.000      0.000       2727    113.583  0.000e+00
     50.512     3.0462  28.735356      0.281      4.549      0.000      0.000       2728    113.625  0.000e+00
     50.536     3.0462  28.735289      0.286      4.549      0.000      0.000       2729    113.667  0.000e+00
     50.560     3.0464  28.735270      0.288      4.551      0.000      0.000       2730    113.708  0.000e+00
     50.584     3.0464  28.735263      0.288      4.551      0.000      0.000       2731    113.750  0.000e+00
     50.607     3.0464  28.735256      0.288      4.551      0.000      0.000       2732    113.792  0.000e+00
     50.630     3.0464  28.735266      0.288      4.549      0.000      0.000       2733    113.833  0.000e+00
     50.654     3.0464  28.735319      0.286      4.549      0.000      0.000       2734    113.875  0.000e+00
     50.678     3.0465  28.735446      0.286      4.549      0.000      0.000       2735    113.917  0.000e+00
     50.702     3.0465  28.735626      0.283      4.548      0.000      0.000       2736    113.958  0.000e+00
     50.726     3.0467  28.735766      0.282      4.537      0.000      0.000       2737    114.000  0.000e+00
     50.750     3.0469  28.735851      0.280      4.534      0.000      0.000       2738    114.042  0.000e+00
