testfiles/govdocs/068/068073.txt
* Sea-Bird SBE 9 Raw Data File:
* FileName = C:\CRUISE\OC320\CAST40.DAT
* Software Version 4.222
* Temperature SN = 2265
* Conductivity SN = 1859
* Number of Bytes Per Scan = 27
* Number of Voltage Words = 5
* System UpLoad Time = Apr 02 1998 21:11:43
* NMEA Latitude = 43 36.18 N
* NMEA Longitude = 069 53.49 W
* NMEA UTC (Time) = 02:13:42
** R/V OCEANUS cast40
** OC320  
** Station # cast40
# nquan = 10
# nvalues = 9448                        
# units = metric
# name 0 = pr: pressure [db]
# name 1 = t068: temperature, IPTS-68 [deg C]
# name 2 = c0mS/cm: conductivity [mS/cm]
# name 3 = v1: voltage, number  1 [V]
# name 4 = v2: voltage, number  2 [V]
# name 5 = v4: voltage, number  4 [V]
# name 6 = v6: voltage, number  6 [V]
# name 7 = scan: scan number
# name 8 = timeS: time [s]
# name 9 = flag:  0.000e+00
# span 0 = 0.860, 77.746                          
# span 1 = 2.9759, 4.2716                         
# span 2 = 0.366716, 28.933656                    
# span 3 = 0.061, 1.929                           
# span 4 = 0.007, 4.683                           
# span 5 = 0.000, 1.045                           
# span 6 = 0.000, 1.939                           
# span 7 = 1, 9448                                
# span 8 = 0.000, 393.625                         
# span 9 = 0.000e+00, 0.000e+00                   
# interval = seconds: 0.0416667                   
# start_time = Apr 02 1998 21:11:43
# bad_flag = -9.990e-29
*END*
[from data line 5334]
     43.190     2.9872  28.644072      0.266      4.568      0.000      0.000       5335    222.250  0.000e+00
     43.170     2.9873  28.644928      0.266      4.567      0.000      0.000       5336    222.292  0.000e+00
     43.150     2.9910  28.646206      0.267      4.565      0.000      0.000       5337    222.333  0.000e+00
     43.129     2.9933  28.647314      0.266      4.564      0.000      0.000       5338    222.375  0.000e+00
     43.108     2.9940  28.647883      0.266      4.567      0.000      0.000       5339    222.417  0.000e+00
     43.087     2.9943  28.648076      0.267      4.564      0.000      0.000       5340    222.458  0.000e+00
     43.065     2.9943  28.648124      0.267      4.564      0.000      0.000       5341    222.500  0.000e+00
     43.044     2.9940  28.648046      0.269      4.564      0.000      0.000       5342    222.542  0.000e+00
     43.021     2.9937  28.647921      0.269      4.564      0.000      0.000       5343    222.583  0.000e+00
     43.000     2.9937  28.647867      0.269      4.563      0.000      0.000       5344    222.625  0.000e+00
     42.979     2.9937  28.647948      0.270      4.562      0.000      0.000       5345    222.667  0.000e+00
     42.957     2.9937  28.648255      0.270      4.559      0.000      0.000       5346    222.708  0.000e+00
     42.935     2.9947  28.648703      0.270      4.559      0.000      0.000       5347    222.750  0.000e+00
     42.914     2.9948  28.649049      0.269      4.562      0.000      0.000       5348    222.792  0.000e+00
     42.893     2.9951  28.649164      0.269      4.563      0.000      0.000       5349    222.833  0.000e+00
     42.874     2.9953  28.649185      0.267      4.563      0.000      0.000       5350    222.875  0.000e+00
     42.857     2.9957  28.649241      0.266      4.563      0.000      0.000       5351    222.917  0.000e+00
     42.836     2.9957  28.649330      0.266      4.564      0.000      0.000       5352    222.958  0.000e+00
     42.813     2.9959  28.649465      0.265      4.564      0.000      0.000       5353    223.000  0.000e+00
     42.789     2.9959  28.649655      0.264      4.567      0.000      0.000       5354    223.042  0.000e+00
     42.766     2.9964  28.649870      0.263      4.565      0.000      0.000       5355    223.083  0.000e+00
     42.744     2.9969  28.649999      0.263      4.565      0.000      0.000       5356    223.125  0.000e+00
     42.721     2.9967  28.650006      0.261      4.564      0.000      0.000       5357    223.167  0.000e+00
     42.697     2.9970  28.649932      0.261      4.564      0.000      0.000       5358    223.208  0.000e+00
     42.674     2.9969  28.649786      0.260      4.565      0.000      0.000       5359    223.250  0.000e+00
     42.649     2.9969  28.649643      0.260      4.565      0.000      0.000       5360    223.292  0.000e+00
     42.625     2.9967  28.649575      0.259      4.567      0.000      0.000       5361    223.333  0.000e+00
     42.602     2.9967  28.649598      0.259      4.567      0.000      0.000       5362    223.375  0.000e+00
     42.579     2.9967  28.649619      0.259      4.564      0.000      0.000       5363    223.417  0.000e+00
     42.554     2.9963  28.649512      0.259      4.563      0.000      0.000       5364    223.458  0.000e+00
     42.529     2.9965  28.649424      0.259      4.562      0.000      0.000       5365    223.500  0.000e+00
     42.506     2.9965  28.649495      0.259      4.562      0.000      0.000       5366    223.542  0.000e+00
     42.483     2.9965  28.649564      0.260      4.562      0.000      0.000       5367    223.583  0.000e+00
     42.459     2.9967  28.649579      0.261      4.562      0.000      0.000       5368    223.625  0.000e+00
     42.434     2.9965  28.649618      0.264      4.560      0.000      0.000       5369    223.667  0.000e+00
     42.408     2.9967  28.649667      0.266      4.559      0.000      0.000       5370    223.708  0.000e+00
     42.381     2.9967  28.649781      0.269      4.560      0.000      0.000       5371    223.750  0.000e+00
     42.355     2.9969  28.649890      0.271      4.563      0.000      0.000       5372    223.792  0.000e+00
     42.329     2.9969  28.649939      0.274      4.564      0.000      0.000       5373    223.833  0.000e+00
     42.302     2.9970  28.650006      0.275      4.565      0.000      0.000       5374    223.875  0.000e+00
     42.276     2.9971  28.649972      0.275      4.565      0.000      0.000       5375    223.917  0.000e+00
     42.250     2.9970  28.649824      0.276      4.567      0.000      0.000       5376    223.958  0.000e+00
     42.224     2.9975  28.649766      0.276      4.565      0.000      0.000       5377    224.000  0.000e+00
     42.198     2.9974  28.649888      0.276      4.564      0.000      0.000       5378    224.042  0.000e+00
     42.170     2.9975  28.650003      0.276      4.563      0.000      0.000       5379    224.083  0.000e+00
     42.142     2.9975  28.649939      0.276      4.559      0.000      0.000       5380    224.125  0.000e+00
     42.113     2.9977  28.649830      0.276      4.559      0.000      0.000       5381    224.167  0.000e+00
     42.085     2.9973  28.649804      0.276      4.560      0.000      0.000       5382    224.208  0.000e+00
     42.058     2.9975  28.649888      0.276      4.562      0.000      0.000       5383    224.250  0.000e+00
     42.030     2.9973  28.650037      0.276      4.562      0.000      0.000       5384    224.292  0.000e+00
     42.001     2.9970  28.650125      0.276      4.562      0.000      0.000       5385    224.333  0.000e+00
     41.973     2.9972  28.650138      0.276      4.562      0.000      0.000       5386    224.375  0.000e+00
     41.944     2.9971  28.650119      0.276      4.562      0.000      0.000       5387    224.417  0.000e+00
     41.915     2.9973  28.650102      0.276      4.563      0.000      0.000       5388    224.458  0.000e+00
     41.885     2.9973  28.650164      0.276      4.562      0.000      0.000       5389    224.500  0.000e+00
     41.855     2.9973  28.650343      0.276      4.563      0.000      0.000       5390    224.542  0.000e+00
     41.827     2.9971  28.650509      0.276      4.563      0.000      0.000       5391    224.583  0.000e+00
     41.800     2.9969  28.650540      0.276      4.560      0.000      0.000       5392    224.625  0.000e+00
     41.772     2.9969  28.650502      0.275      4.557      0.000      0.000       5393    224.667  0.000e+00
     41.745     2.9969  28.650407      0.274      4.553      0.000      0.000       5394    224.708  0.000e+00
     41.717     2.9970  28.650252      0.272      4.557      0.000      0.000       5395    224.750  0.000e+00
     41.689     2.9970  28.650076      0.271      4.559      0.000      0.000       5396    224.792  0.000e+00
     41.660     2.9969  28.649845      0.271      4.562      0.000      0.000       5397    224.833  0.000e+00
     41.630     2.9970  28.649591      0.270      4.564      0.000      0.000       5398    224.875  0.000e+00
     41.600     2.9965  28.649330      0.269      4.564      0.000      0.000       5399    224.917  0.000e+00
     41.570     2.9963  28.649039      0.269      4.563      0.000      0.000       5400    224.958  0.000e+00
     41.540     2.9961  28.648816      0.269      4.562      0.000      0.000       5401    225.000  0.000e+00
     41.511     2.9962  28.648732      0.269      4.560      0.000      0.000       5402    225.042  0.000e+00
     41.480     2.9963  28.648791      0.269      4.560      0.000      0.000       5403    225.083  0.000e+00
     41.449     2.9963  28.648874      0.269      4.559      0.000      0.000       5404    225.125  0.000e+00
     41.419     2.9962  28.648721      0.270      4.547      0.000      0.000       5405    225.167  0.000e+00
     41.388     2.9959  28.648307      0.271      4.543      0.000      0.000       5406    225.208  0.000e+00
     41.358     2.9957  28.647867      0.272      4.549      0.000      0.000       5407    225.250  0.000e+00
     41.328     2.9953  28.647635      0.275      4.557      0.000      0.000       5408    225.292  0.000e+00
     41.297     2.9953  28.647629      0.277      4.560      0.000      0.000       5409    225.333  0.000e+00
     41.266     2.9954  28.647681      0.280      4.562      0.000      0.000       5410    225.375  0.000e+00
     41.235     2.9953  28.647797      0.281      4.564      0.000      0.000       5411    225.417  0.000e+00
     41.204     2.9954  28.647987      0.283      4.564      0.000      0.000       5412    225.458  0.000e+00
     41.174     2.9954  28.648056      0.283      4.563      0.000      0.000       5413    225.500  0.000e+00
     41.142     2.9954  28.648049      0.283      4.563      0.000      0.000       5414    225.542  0.000e+00
     41.112     2.9956  28.648139      0.281      4.563      0.000      0.000       5415    225.583  0.000e+00
     41.080     2.9956  28.648319      0.281      4.564      0.000      0.000       5416    225.625  0.000e+00
     41.048     2.9953  28.648569      0.280      4.564      0.000      0.000       5417    225.667  0.000e+00
     41.017     2.9954  28.648784      0.278      4.565      0.000      0.000       5418    225.708  0.000e+00
     40.985     2.9953  28.648900      0.278      4.565      0.000      0.000       5419    225.750  0.000e+00
     40.953     2.9954  28.648929      0.277      4.565      0.000      0.000       5420    225.792  0.000e+00
     40.921     2.9956  28.648846      0.276      4.565      0.000      0.000       5421    225.833  0.000e+00
     40.889     2.9956  28.648835      0.275      4.565      0.000      0.000       5422    225.875  0.000e+00
     40.858     2.9956  28.648931      0.275      4.564      0.000      0.000       5423    225.917  0.000e+00
     40.825     2.9956  28.648831      0.274      4.564      0.000      0.000       5424    225.958  0.000e+00
     40.793     2.9956  28.648492      0.272      4.564      0.000      0.000       5425    226.000  0.000e+00
     40.761     2.9956  28.648164      0.271      4.564      0.000      0.000       5426    226.042  0.000e+00
     40.728     2.9956  28.647935      0.271      4.564      0.000      0.000       5427    226.083  0.000e+00
     40.695     2.9957  28.647808      0.271      4.564      0.000      0.000       5428    226.125  0.000e+00
     40.665     2.9956  28.647776      0.270      4.565      0.000      0.000       5429    226.167  0.000e+00
     40.637     2.9956  28.647752      0.270      4.567      0.000      0.000       5430    226.208  0.000e+00
     40.605     2.9954  28.647681      0.270      4.565      0.000      0.000       5431    226.250  0.000e+00
     40.571     2.9956  28.647537      0.270      4.564      0.000      0.000       5432    226.292  0.000e+00
     40.539     2.9956  28.647460      0.270      4.564      0.000      0.000       5433    226.333  0.000e+00
     40.508     2.9954  28.647634      0.270      4.564      0.000      0.000       5434    226.375  0.000e+00
     40.478     2.9954  28.647971      0.271      4.564      0.000      0.000       5435    226.417  0.000e+00
     40.446     2.9953  28.648356      0.271      4.564      0.000      0.000       5436    226.458  0.000e+00
     40.413     2.9948  28.648831      0.272      4.565      0.000      0.000       5437    226.500  0.000e+00
     40.382     2.9946  28.649317      0.274      4.565      0.000      0.000       5438    226.542  0.000e+00
     40.351     2.9946  28.649681      0.276      4.568      0.000      0.000       5439    226.583  0.000e+00
     40.320     2.9946  28.649933      0.277      4.567      0.000      0.000       5440    226.625  0.000e+00
     40.290     2.9946  28.650082      0.280      4.564      0.000      0.000       5441    226.667  0.000e+00
     40.260     2.9947  28.649994      0.283      4.563      0.000      0.000       5442    226.708  0.000e+00
     40.230     2.9948  28.649300      0.286      4.560      0.000      0.000       5443    226.750  0.000e+00
     40.200     2.9949  28.647785      0.288      4.560      0.000      0.000       5444    226.792  0.000e+00
     40.171     2.9946  28.645856      0.289      4.563      0.000      0.000       5445    226.833  0.000e+00
     40.141     2.9945  28.644025      0.289      4.564      0.000      0.000       5446    226.875  0.000e+00
     40.112     2.9943  28.642372      0.289      4.565      0.000      0.000       5447    226.917  0.000e+00
     40.082     2.9940  28.640745      0.291      4.565      0.000      0.000       5448    226.958  0.000e+00
     40.053     2.9935  28.639136      0.289      4.567      0.000      0.000       5449    227.000  0.000e+00
     40.023     2.9933  28.637814      0.289      4.568      0.000      0.000       5450    227.042  0.000e+00
     39.996     2.9932  28.637006      0.289      4.568      0.000      0.000       5451    227.083  0.000e+00
     39.972     2.9932  28.636625      0.288      4.567      0.000      0.000       5452    227.125  0.000e+00
     39.946     2.9933  28.636471      0.288      4.567      0.000      0.000       5453    227.167  0.000e+00
     39.918     2.9935  28.636490      0.287      4.567      0.000      0.000       5454    227.208  0.000e+00
     39.890     2.9935  28.636795      0.286      4.565      0.000      0.000       5455    227.250  0.000e+00
     39.862     2.9935  28.637384      0.286      4.564      0.000      0.000       5456    227.292  0.000e+00
     39.835     2.9938  28.637936      0.286      4.564      0.000      0.000       5457    227.333  0.000e+00
     39.809     2.9940  28.638029      0.283      4.565      0.000      0.000       5458    227.375  0.000e+00
     39.785     2.9947  28.637646      0.283      4.565      0.000      0.000       5459    227.417  0.000e+00
     39.761     2.9953  28.637118      0.282      4.567      0.000      0.000       5460    227.458  0.000e+00
     39.736     2.9961  28.636673      0.281      4.567      0.000      0.000       5461    227.500  0.000e+00
     39.712     2.9965  28.636344      0.281      4.567      0.000      0.000       5462    227.542  0.000e+00
     39.689     2.9967  28.635960      0.280      4.564      0.000      0.000       5463    227.583  0.000e+00
     39.664     2.9971  28.635310      0.278      4.563      0.000      0.000       5464    227.625  0.000e+00
     39.641     2.9979  28.634488      0.278      4.563      0.000      0.000       5465    227.667  0.000e+00
     39.618     2.9983  28.633682      0.277      4.562      0.000      0.000       5466    227.708  0.000e+00
     39.595     2.9988  28.632935      0.277      4.562      0.000      0.000       5467    227.750  0.000e+00
     39.573     2.9994  28.632305      0.278      4.562      0.000      0.000       5468    227.792  0.000e+00
     39.551     2.9997  28.631779      0.278      4.564      0.000      0.000       5469    227.833  0.000e+00
     39.529     2.9999  28.631269      0.281      4.567      0.000      0.000       5470    227.875  0.000e+00
     39.509     3.0001  28.630788      0.281      4.565      0.000      0.000       5471    227.917  0.000e+00
     39.488     3.0008  28.630421      0.283      4.567      0.000      0.000       5472    227.958  0.000e+00
     39.467     3.0007  28.630192      0.284      4.568      0.000      0.000       5473    228.000  0.000e+00
     39.447     3.0010  28.630031      0.287      4.569      0.000      0.000       5474    228.042  0.000e+00
     39.427     3.0007  28.629809      0.288      4.569      0.000      0.000       5475    228.083  0.000e+00
     39.408     3.0009  28.629360      0.291      4.569      0.000      0.000       5476    228.125  0.000e+00
     39.388     3.0013  28.628550      0.292      4.569      0.000      0.000       5477    228.167  0.000e+00
