testfiles/govdocs/068/068073.txt
* Sea-Bird SBE 9 Raw Data File:
* FileName = C:\CRUISE\OC320\CAST40.DAT
* Software Version 4.222
* Temperature SN = 2265
* Conductivity SN = 1859
* Number of Bytes Per Scan = 27
* Number of Voltage Words = 5
* System UpLoad Time = Apr 02 1998 21:11:43
* NMEA Latitude = 43 36.18 N
* NMEA Longitude = 069 53.49 W
* NMEA UTC (Time) = 02:13:42
** R/V OCEANUS cast40
** OC320  
** Station # cast40
# nquan = 10
# nvalues = 9448                        
# units = metric
# name 0 = pr: pressure [db]
# name 1 = t068: temperature, IPTS-68 [deg C]
# name 2 = c0mS/cm: conductivity [mS/cm]
# name 3 = v1: voltage, number  1 [V]
# name 4 = v2: voltage, number  2 [V]
# name 5 = v4: voltage, number  4 [V]
# name 6 = v6: voltage, number  6 [V]
# name 7 = scan: scan number
# name 8 = timeS: time [s]
# name 9 = flag:  0.000e+00
# span 0 = 0.860, 77.746                          
# span 1 = 2.9759, 4.2716                         
# span 2 = 0.366716, 28.933656                    
# span 3 = 0.061, 1.929                           
# span 4 = 0.007, 4.683                           
# span 5 = 0.000, 1.045                           
# span 6 = 0.000, 1.939                           
# span 7 = 1, 9448                                
# span 8 = 0.000, 393.625                         
# span 9 = 0.000e+00, 0.000e+00                   
# interval = seconds: 0.0416667                   
# start_time = Apr 02 1998 21:11:43
# bad_flag = -9.990e-29
*END*
[from data line 5766]
     32.135     3.0664  28.573534      0.366      4.564      0.000      0.000       5767    240.250  0.000e+00
     32.101     3.0782  28.573977      0.365      4.563      0.000      0.000       5768    240.292  0.000e+00
     32.066     3.0849  28.574349      0.364      4.560      0.000      0.000       5769    240.333  0.000e+00
     32.032     3.0850  28.574547      0.363      4.560      0.000      0.000       5770    240.375  0.000e+00
     31.997     3.0791  28.574922      0.361      4.563      0.000      0.000       5771    240.417  0.000e+00
     31.962     3.0740  28.575543      0.361      4.565      0.000      0.000       5772    240.458  0.000e+00
     31.927     3.0650  28.575950      0.360      4.567      0.000      0.000       5773    240.500  0.000e+00
     31.892     3.0524  28.575898      0.359      4.567      0.000      0.000       5774    240.542  0.000e+00
     31.855     3.0450  28.575539      0.359      4.565      0.000      0.000       5775    240.583  0.000e+00
     31.819     3.0404  28.575063      0.358      4.567      0.000      0.000       5776    240.625  0.000e+00
     31.782     3.0386  28.574805      0.357      4.567      0.000      0.000       5777    240.667  0.000e+00
     31.744     3.0381  28.574981      0.357      4.567      0.000      0.000       5778    240.708  0.000e+00
     31.707     3.0361  28.575300      0.355      4.565      0.000      0.000       5779    240.750  0.000e+00
     31.670     3.0339  28.575457      0.354      4.565      0.000      0.000       5780    240.792  0.000e+00
     31.632     3.0333  28.575645      0.353      4.565      0.000      0.000       5781    240.833  0.000e+00
     31.594     3.0405  28.576122      0.350      4.567      0.000      0.000       5782    240.875  0.000e+00
     31.558     3.0475  28.576777      0.349      4.568      0.000      0.000       5783    240.917  0.000e+00
     31.522     3.0444  28.577434      0.349      4.569      0.000      0.000       5784    240.958  0.000e+00
     31.485     3.0418  28.577939      0.348      4.569      0.000      0.000       5785    241.000  0.000e+00
     31.449     3.0392  28.578166      0.348      4.568      0.000      0.000       5786    241.042  0.000e+00
     31.413     3.0355  28.578248      0.347      4.567      0.000      0.000       5787    241.083  0.000e+00
     31.376     3.0337  28.578340      0.347      4.568      0.000      0.000       5788    241.125  0.000e+00
     31.340     3.0319  28.578421      0.350      4.568      0.000      0.000       5789    241.167  0.000e+00
     31.305     3.0318  28.578578      0.357      4.567      0.000      0.000       5790    241.208  0.000e+00
     31.269     3.0376  28.578791      0.366      4.564      0.000      0.000       5791    241.250  0.000e+00
     31.232     3.0393  28.578899      0.377      4.562      0.000      0.000       5792    241.292  0.000e+00
     31.196     3.0392  28.579201      0.389      4.560      0.000      0.000       5793    241.333  0.000e+00
     31.161     3.0427  28.580233      0.400      4.562      0.000      0.000       5794    241.375  0.000e+00
     31.128     3.0686  28.581897      0.408      4.562      0.000      0.000       5795    241.417  0.000e+00
     31.094     3.0910  28.583463      0.411      4.562      0.000      0.000       5796    241.458  0.000e+00
     31.060     3.1033  28.584451      0.413      4.563      0.000      0.000       5797    241.500  0.000e+00
     31.026     3.1103  28.585002      0.411      4.563      0.000      0.000       5798    241.542  0.000e+00
     30.992     3.1138  28.585424      0.410      4.562      0.000      0.000       5799    241.583  0.000e+00
     30.959     3.1176  28.585909      0.408      4.559      0.000      0.000       5800    241.625  0.000e+00
     30.927     3.1232  28.586523      0.407      4.558      0.000      0.000       5801    241.667  0.000e+00
     30.896     3.1250  28.587222      0.405      4.558      0.000      0.000       5802    241.708  0.000e+00
     30.864     3.1310  28.587875      0.404      4.560      0.000      0.000       5803    241.750  0.000e+00
     30.833     3.1354  28.588312      0.403      4.563      0.000      0.000       5804    241.792  0.000e+00
     30.803     3.1357  28.588503      0.403      4.565      0.000      0.000       5805    241.833  0.000e+00
     30.773     3.1343  28.588682      0.402      4.567      0.000      0.000       5806    241.875  0.000e+00
     30.745     3.1347  28.588940      0.399      4.565      0.000      0.000       5807    241.917  0.000e+00
     30.716     3.1351  28.589115      0.398      4.565      0.000      0.000       5808    241.958  0.000e+00
     30.687     3.1363  28.589169      0.396      4.564      0.000      0.000       5809    242.000  0.000e+00
     30.660     3.1353  28.589200      0.394      4.562      0.000      0.000       5810    242.042  0.000e+00
     30.633     3.1342  28.589425      0.393      4.562      0.000      0.000       5811    242.083  0.000e+00
     30.606     3.1346  28.590071      0.391      4.564      0.000      0.000       5812    242.125  0.000e+00
     30.580     3.1408  28.591045      0.389      4.564      0.000      0.000       5813    242.167  0.000e+00
     30.555     3.1470  28.591949      0.387      4.564      0.000      0.000       5814    242.208  0.000e+00
     30.530     3.1487  28.592340      0.386      4.564      0.000      0.000       5815    242.250  0.000e+00
     30.506     3.1470  28.592262      0.385      4.564      0.000      0.000       5816    242.292  0.000e+00
     30.481     3.1466  28.592169      0.385      4.564      0.000      0.000       5817    242.333  0.000e+00
     30.456     3.1458  28.592126      0.386      4.564      0.000      0.000       5818    242.375  0.000e+00
     30.432     3.1458  28.592058      0.386      4.564      0.000      0.000       5819    242.417  0.000e+00
     30.409     3.1450  28.592106      0.388      4.564      0.000      0.000       5820    242.458  0.000e+00
     30.385     3.1460  28.592344      0.389      4.564      0.000      0.000       5821    242.500  0.000e+00
     30.363     3.1481  28.592778      0.391      4.564      0.000      0.000       5822    242.542  0.000e+00
     30.342     3.1516  28.593348      0.393      4.564      0.000      0.000       5823    242.583  0.000e+00
     30.319     3.1557  28.593912      0.393      4.564      0.000      0.000       5824    242.625  0.000e+00
     30.298     3.1584  28.594342      0.394      4.564      0.000      0.000       5825    242.667  0.000e+00
     30.277     3.1596  28.594575      0.396      4.563      0.000      0.000       5826    242.708  0.000e+00
     30.258     3.1607  28.594712      0.396      4.563      0.000      0.000       5827    242.750  0.000e+00
     30.239     3.1612  28.594958      0.396      4.563      0.000      0.000       5828    242.792  0.000e+00
     30.221     3.1622  28.595413      0.396      4.563      0.000      0.000       5829    242.833  0.000e+00
     30.203     3.1649  28.596043      0.394      4.562      0.000      0.000       5830    242.875  0.000e+00
     30.183     3.1691  28.596913      0.393      4.560      0.000      0.000       5831    242.917  0.000e+00
     30.164     3.1740  28.598192      0.393      4.557      0.000      0.000       5832    242.958  0.000e+00
     30.146     3.1820  28.599813      0.392      4.556      0.000      0.000       5833    243.000  0.000e+00
     30.127     3.1905  28.601346      0.391      4.559      0.000      0.000       5834    243.042  0.000e+00
     30.110     3.1960  28.602311      0.391      4.562      0.000      0.000       5835    243.083  0.000e+00
     30.093     3.1965  28.602486      0.389      4.564      0.000      0.000       5836    243.125  0.000e+00
     30.076     3.1952  28.602066      0.389      4.564      0.000      0.000       5837    243.167  0.000e+00
     30.058     3.1917  28.601493      0.388      4.563      0.000      0.000       5838    243.208  0.000e+00
     30.041     3.1890  28.600985      0.388      4.562      0.000      0.000       5839    243.250  0.000e+00
     30.024     3.1867  28.600621      0.386      4.560      0.000      0.000       5840    243.292  0.000e+00
     30.005     3.1856  28.600523      0.385      4.558      0.000      0.000       5841    243.333  0.000e+00
     29.987     3.1860  28.600628      0.383      4.556      0.000      0.000       5842    243.375  0.000e+00
     29.969     3.1865  28.600831      0.381      4.553      0.000      0.000       5843    243.417  0.000e+00
     29.951     3.1875  28.601245      0.380      4.553      0.000      0.000       5844    243.458  0.000e+00
     29.935     3.1909  28.601944      0.379      4.556      0.000      0.000       5845    243.500  0.000e+00
     29.919     3.1973  28.602805      0.379      4.556      0.000      0.000       5846    243.542  0.000e+00
     29.900     3.2057  28.603641      0.377      4.551      0.000      0.000       5847    243.583  0.000e+00
     29.883     3.2101  28.604308      0.376      4.549      0.000      0.000       5848    243.625  0.000e+00
     29.869     3.2127  28.604797      0.376      4.552      0.000      0.000       5849    243.667  0.000e+00
     29.853     3.2138  28.605019      0.376      4.551      0.000      0.000       5850    243.708  0.000e+00
     29.836     3.2120  28.604894      0.376      4.549      0.000      0.000       5851    243.750  0.000e+00
     29.819     3.2092  28.604591      0.376      4.552      0.000      0.000       5852    243.792  0.000e+00
     29.801     3.2068  28.604291      0.376      4.554      0.000      0.000       5853    243.833  0.000e+00
     29.783     3.2046  28.604101      0.376      4.556      0.000      0.000       5854    243.875  0.000e+00
     29.763     3.2031  28.603990      0.376      4.554      0.000      0.000       5855    243.917  0.000e+00
     29.744     3.2024  28.603687      0.376      4.557      0.000      0.000       5856    243.958  0.000e+00
     29.727     3.1996  28.603150      0.376      4.557      0.000      0.000       5857    244.000  0.000e+00
     29.708     3.1981  28.602703      0.375      4.557      0.000      0.000       5858    244.042  0.000e+00
     29.688     3.1946  28.602717      0.375      4.557      0.000      0.000       5859    244.083  0.000e+00
     29.668     3.1994  28.603471      0.374      4.557      0.000      0.000       5860    244.125  0.000e+00
     29.647     3.2094  28.604647      0.374      4.558      0.000      0.000       5861    244.167  0.000e+00
     29.626     3.2161  28.605535      0.374      4.557      0.000      0.000       5862    244.208  0.000e+00
     29.606     3.2193  28.605940      0.374      4.553      0.000      0.000       5863    244.250  0.000e+00
     29.587     3.2200  28.606036      0.372      4.554      0.000      0.000       5864    244.292  0.000e+00
     29.566     3.2177  28.606027      0.372      4.554      0.000      0.000       5865    244.333  0.000e+00
     29.544     3.2208  28.606135      0.372      4.554      0.000      0.000       5866    244.375  0.000e+00
     29.523     3.2228  28.606313      0.372      4.554      0.000      0.000       5867    244.417  0.000e+00
     29.502     3.2240  28.606329      0.371      4.556      0.000      0.000       5868    244.458  0.000e+00
     29.481     3.2230  28.606148      0.371      4.556      0.000      0.000       5869    244.500  0.000e+00
     29.460     3.2210  28.605908      0.370      4.556      0.000      0.000       5870    244.542  0.000e+00
     29.438     3.2216  28.605741      0.370      4.554      0.000      0.000       5871    244.583  0.000e+00
     29.414     3.2239  28.605759      0.370      4.549      0.000      0.000       5872    244.625  0.000e+00
     29.389     3.2269  28.605938      0.369      4.547      0.000      0.000       5873    244.667  0.000e+00
     29.365     3.2277  28.605993      0.369      4.548      0.000      0.000       5874    244.708  0.000e+00
     29.342     3.2277  28.605508      0.369      4.548      0.000      0.000       5875    244.750  0.000e+00
     29.319     3.2257  28.604369      0.369      4.538      0.000      0.000       5876    244.792  0.000e+00
     29.294     3.2175  28.603097      0.369      4.537      0.000      0.000       5877    244.833  0.000e+00
     29.269     3.2099  28.602333      0.370      4.542      0.000      0.000       5878    244.875  0.000e+00
     29.243     3.2108  28.602286      0.370      4.548      0.000      0.000       5879    244.917  0.000e+00
     29.216     3.2144  28.602874      0.371      4.551      0.000      0.000       5880    244.958  0.000e+00
     29.191     3.2195  28.603832      0.371      4.552      0.000      0.000       5881    245.000  0.000e+00
     29.165     3.2242  28.604795      0.374      4.552      0.000      0.000       5882    245.042  0.000e+00
     29.139     3.2304  28.605427      0.374      4.552      0.000      0.000       5883    245.083  0.000e+00
     29.112     3.2314  28.605557      0.376      4.553      0.000      0.000       5884    245.125  0.000e+00
     29.085     3.2336  28.605345      0.377      4.553      0.000      0.000       5885    245.167  0.000e+00
     29.057     3.2332  28.605032      0.379      4.548      0.000      0.000       5886    245.208  0.000e+00
     29.029     3.2288  28.604744      0.380      4.545      0.000      0.000       5887    245.250  0.000e+00
     29.002     3.2274  28.604498      0.381      4.545      0.000      0.000       5888    245.292  0.000e+00
     28.973     3.2269  28.604428      0.381      4.547      0.000      0.000       5889    245.333  0.000e+00
     28.945     3.2280  28.604916      0.381      4.547      0.000      0.000       5890    245.375  0.000e+00
     28.918     3.2356  28.606046      0.381      4.548      0.000      0.000       5891    245.417  0.000e+00
     28.890     3.2433  28.607273      0.381      4.549      0.000      0.000       5892    245.458  0.000e+00
     28.862     3.2496  28.608083      0.381      4.552      0.000      0.000       5893    245.500  0.000e+00
     28.832     3.2531  28.608332      0.381      4.556      0.000      0.000       5894    245.542  0.000e+00
     28.802     3.2536  28.608009      0.381      4.557      0.000      0.000       5895    245.583  0.000e+00
     28.773     3.2514  28.607281      0.381      4.557      0.000      0.000       5896    245.625  0.000e+00
     28.745     3.2458  28.606445      0.382      4.554      0.000      0.000       5897    245.667  0.000e+00
     28.716     3.2390  28.605778      0.382      4.553      0.000      0.000       5898    245.708  0.000e+00
     28.688     3.2360  28.605548      0.383      4.552      0.000      0.000       5899    245.750  0.000e+00
     28.660     3.2379  28.605941      0.386      4.549      0.000      0.000       5900    245.792  0.000e+00
     28.631     3.2432  28.606858      0.387      4.551      0.000      0.000       5901    245.833  0.000e+00
     28.602     3.2516  28.607876      0.388      4.553      0.000      0.000       5902    245.875  0.000e+00
     28.574     3.2573  28.608506      0.391      4.554      0.000      0.000       5903    245.917  0.000e+00
     28.546     3.2577  28.608504      0.393      4.557      0.000      0.000       5904    245.958  0.000e+00
     28.517     3.2547  28.608038      0.393      4.556      0.000      0.000       5905    246.000  0.000e+00
     28.488     3.2528  28.607439      0.393      4.554      0.000      0.000       5906    246.042  0.000e+00
     28.458     3.2481  28.606812      0.393      4.554      0.000      0.000       5907    246.083  0.000e+00
     28.429     3.2412  28.606234      0.393      4.556      0.000      0.000       5908    246.125  0.000e+00
     28.400     3.2366  28.605795      0.393      4.557      0.000      0.000       5909    246.167  0.000e+00
