testfiles/govdocs/068/068073.txt
* Sea-Bird SBE 9 Raw Data File:
* FileName = C:\CRUISE\OC320\CAST40.DAT
* Software Version 4.222
* Temperature SN = 2265
* Conductivity SN = 1859
* Number of Bytes Per Scan = 27
* Number of Voltage Words = 5
* System UpLoad Time = Apr 02 1998 21:11:43
* NMEA Latitude = 43 36.18 N
* NMEA Longitude = 069 53.49 W
* NMEA UTC (Time) = 02:13:42
** R/V OCEANUS cast40
** OC320  
** Station # cast40
# nquan = 10
# nvalues = 9448                        
# units = metric
# name 0 = pr: pressure [db]
# name 1 = t068: temperature, IPTS-68 [deg C]
# name 2 = c0mS/cm: conductivity [mS/cm]
# name 3 = v1: voltage, number  1 [V]
# name 4 = v2: voltage, number  2 [V]
# name 5 = v4: voltage, number  4 [V]
# name 6 = v6: voltage, number  6 [V]
# name 7 = scan: scan number
# name 8 = timeS: time [s]
# name 9 = flag:  0.000e+00
# span 0 = 0.860, 77.746                          
# span 1 = 2.9759, 4.2716                         
# span 2 = 0.366716, 28.933656                    
# span 3 = 0.061, 1.929                           
# span 4 = 0.007, 4.683                           
# span 5 = 0.000, 1.045                           
# span 6 = 0.000, 1.939                           
# span 7 = 1, 9448                                
# span 8 = 0.000, 393.625                         
# span 9 = 0.000e+00, 0.000e+00                   
# interval = seconds: 0.0416667                   
# start_time = Apr 02 1998 21:11:43
# bad_flag = -9.990e-29
*END*
[from data line 2019]
     30.606     3.0594  28.555340      0.326      4.565      0.000      0.000       2020     84.125  0.000e+00
     30.629     3.0561  28.554518      0.326      4.568      0.000      0.000       2021     84.167  0.000e+00
     30.653     3.0538  28.553878      0.326      4.568      0.000      0.000       2022     84.208  0.000e+00
     30.677     3.0527  28.553513      0.326      4.564      0.000      0.000       2023     84.250  0.000e+00
     30.701     3.0516  28.553475      0.326      4.564      0.000      0.000       2024     84.292  0.000e+00
     30.725     3.0511  28.553792      0.327      4.565      0.000      0.000       2025     84.333  0.000e+00
     30.750     3.0511  28.554637      0.327      4.567      0.000      0.000       2026     84.375  0.000e+00
     30.775     3.0516  28.556024      0.327      4.567      0.000      0.000       2027     84.417  0.000e+00
     30.800     3.0521  28.557651      0.328      4.568      0.000      0.000       2028     84.458  0.000e+00
     30.826     3.0526  28.559234      0.330      4.567      0.000      0.000       2029     84.500  0.000e+00
     30.853     3.0532  28.560443      0.330      4.564      0.000      0.000       2030     84.542  0.000e+00
     30.879     3.0534  28.561176      0.330      4.565      0.000      0.000       2031     84.583  0.000e+00
     30.905     3.0529  28.561582      0.331      4.568      0.000      0.000       2032     84.625  0.000e+00
     30.931     3.0516  28.561699      0.331      4.568      0.000      0.000       2033     84.667  0.000e+00
     30.958     3.0503  28.561650      0.332      4.564      0.000      0.000       2034     84.708  0.000e+00
     30.982     3.0481  28.561525      0.332      4.560      0.000      0.000       2035     84.750  0.000e+00
     31.007     3.0459  28.561226      0.333      4.563      0.000      0.000       2036     84.792  0.000e+00
     31.033     3.0443  28.560823      0.333      4.568      0.000      0.000       2037     84.833  0.000e+00
     31.060     3.0426  28.560509      0.335      4.569      0.000      0.000       2038     84.875  0.000e+00
     31.087     3.0407  28.560322      0.335      4.570      0.000      0.000       2039     84.917  0.000e+00
     31.116     3.0392  28.560151      0.336      4.567      0.000      0.000       2040     84.958  0.000e+00
     31.144     3.0375  28.559875      0.339      4.560      0.000      0.000       2041     85.000  0.000e+00
     31.172     3.0354  28.559527      0.342      4.559      0.000      0.000       2042     85.042  0.000e+00
     31.199     3.0343  28.559296      0.344      4.559      0.000      0.000       2043     85.083  0.000e+00
     31.226     3.0335  28.559241      0.348      4.560      0.000      0.000       2044     85.125  0.000e+00
     31.253     3.0326  28.559247      0.352      4.560      0.000      0.000       2045     85.167  0.000e+00
     31.280     3.0315  28.559185      0.353      4.562      0.000      0.000       2046     85.208  0.000e+00
     31.306     3.0300  28.559053      0.354      4.563      0.000      0.000       2047     85.250  0.000e+00
     31.334     3.0292  28.558948      0.354      4.565      0.000      0.000       2048     85.292  0.000e+00
     31.361     3.0284  28.558845      0.354      4.569      0.000      0.000       2049     85.333  0.000e+00
     31.390     3.0278  28.558611      0.353      4.570      0.000      0.000       2050     85.375  0.000e+00
     31.419     3.0268  28.558246      0.352      4.571      0.000      0.000       2051     85.417  0.000e+00
     31.446     3.0260  28.557901      0.352      4.571      0.000      0.000       2052     85.458  0.000e+00
     31.474     3.0252  28.557686      0.352      4.571      0.000      0.000       2053     85.500  0.000e+00
     31.503     3.0249  28.557611      0.352      4.573      0.000      0.000       2054     85.542  0.000e+00
     31.531     3.0245  28.557583      0.350      4.573      0.000      0.000       2055     85.583  0.000e+00
     31.559     3.0235  28.557526      0.350      4.573      0.000      0.000       2056     85.625  0.000e+00
     31.588     3.0224  28.557400      0.350      4.569      0.000      0.000       2057     85.667  0.000e+00
     31.616     3.0207  28.557156      0.350      4.569      0.000      0.000       2058     85.708  0.000e+00
     31.645     3.0192  28.556865      0.350      4.570      0.000      0.000       2059     85.750  0.000e+00
     31.675     3.0177  28.556609      0.350      4.564      0.000      0.000       2060     85.792  0.000e+00
     31.706     3.0159  28.556367      0.350      4.562      0.000      0.000       2061     85.833  0.000e+00
     31.737     3.0146  28.556175      0.352      4.564      0.000      0.000       2062     85.875  0.000e+00
     31.766     3.0138  28.556100      0.355      4.568      0.000      0.000       2063     85.917  0.000e+00
     31.794     3.0132  28.556070      0.359      4.570      0.000      0.000       2064     85.958  0.000e+00
     31.824     3.0123  28.556018      0.364      4.571      0.000      0.000       2065     86.000  0.000e+00
     31.853     3.0114  28.556071      0.369      4.573      0.000      0.000       2066     86.042  0.000e+00
     31.883     3.0113  28.556378      0.372      4.573      0.000      0.000       2067     86.083  0.000e+00
     31.912     3.0113  28.556857      0.375      4.573      0.000      0.000       2068     86.125  0.000e+00
     31.942     3.0116  28.557299      0.376      4.573      0.000      0.000       2069     86.167  0.000e+00
     31.973     3.0114  28.557704      0.376      4.574      0.000      0.000       2070     86.208  0.000e+00
     32.003     3.0114  28.558249      0.376      4.574      0.000      0.000       2071     86.250  0.000e+00
     32.034     3.0114  28.559036      0.375      4.575      0.000      0.000       2072     86.292  0.000e+00
     32.065     3.0118  28.560046      0.375      4.575      0.000      0.000       2073     86.333  0.000e+00
     32.095     3.0126  28.561134      0.375      4.574      0.000      0.000       2074     86.375  0.000e+00
     32.126     3.0130  28.562311      0.376      4.573      0.000      0.000       2075     86.417  0.000e+00
     32.157     3.0136  28.563900      0.376      4.571      0.000      0.000       2076     86.458  0.000e+00
     32.187     3.0148  28.565949      0.377      4.571      0.000      0.000       2077     86.500  0.000e+00
     32.218     3.0164  28.568004      0.379      4.571      0.000      0.000       2078     86.542  0.000e+00
     32.249     3.0175  28.569734      0.379      4.571      0.000      0.000       2079     86.583  0.000e+00
     32.281     3.0186  28.571195      0.379      4.568      0.000      0.000       2080     86.625  0.000e+00
     32.312     3.0194  28.572530      0.377      4.568      0.000      0.000       2081     86.667  0.000e+00
     32.344     3.0202  28.573789      0.376      4.569      0.000      0.000       2082     86.708  0.000e+00
     32.376     3.0209  28.574841      0.376      4.570      0.000      0.000       2083     86.750  0.000e+00
     32.409     3.0215  28.575593      0.377      4.570      0.000      0.000       2084     86.792  0.000e+00
     32.442     3.0216  28.576312      0.380      4.570      0.000      0.000       2085     86.833  0.000e+00
     32.474     3.0217  28.577412      0.383      4.570      0.000      0.000       2086     86.875  0.000e+00
     32.506     3.0218  28.578833      0.387      4.570      0.000      0.000       2087     86.917  0.000e+00
     32.538     3.0222  28.579979      0.391      4.570      0.000      0.000       2088     86.958  0.000e+00
     32.571     3.0221  28.580564      0.393      4.571      0.000      0.000       2089     87.000  0.000e+00
     32.603     3.0222  28.580851      0.396      4.571      0.000      0.000       2090     87.042  0.000e+00
     32.634     3.0222  28.581039      0.396      4.571      0.000      0.000       2091     87.083  0.000e+00
     32.664     3.0220  28.581085      0.393      4.571      0.000      0.000       2092     87.125  0.000e+00
     32.695     3.0221  28.581013      0.393      4.571      0.000      0.000       2093     87.167  0.000e+00
     32.727     3.0217  28.580955      0.391      4.571      0.000      0.000       2094     87.208  0.000e+00
     32.758     3.0217  28.580922      0.389      4.571      0.000      0.000       2095     87.250  0.000e+00
     32.789     3.0215  28.580893      0.388      4.573      0.000      0.000       2096     87.292  0.000e+00
     32.822     3.0216  28.580854      0.386      4.574      0.000      0.000       2097     87.333  0.000e+00
     32.854     3.0215  28.580786      0.383      4.569      0.000      0.000       2098     87.375  0.000e+00
     32.885     3.0209  28.580754      0.382      4.551      0.000      0.000       2099     87.417  0.000e+00
     32.920     3.0213  28.580840      0.380      4.541      0.000      0.000       2100     87.458  0.000e+00
     32.956     3.0208  28.580986      0.379      4.548      0.000      0.000       2101     87.500  0.000e+00
     32.989     3.0212  28.581030      0.376      4.558      0.000      0.000       2102     87.542  0.000e+00
     33.018     3.0209  28.581025      0.374      4.565      0.000      0.000       2103     87.583  0.000e+00
     33.049     3.0208  28.581055      0.371      4.570      0.000      0.000       2104     87.625  0.000e+00
     33.081     3.0203  28.581021      0.369      4.571      0.000      0.000       2105     87.667  0.000e+00
     33.112     3.0197  28.580993      0.368      4.568      0.000      0.000       2106     87.708  0.000e+00
     33.142     3.0197  28.581064      0.365      4.562      0.000      0.000       2107     87.750  0.000e+00
     33.173     3.0194  28.581112      0.364      4.559      0.000      0.000       2108     87.792  0.000e+00
     33.203     3.0189  28.581114      0.361      4.563      0.000      0.000       2109     87.833  0.000e+00
     33.233     3.0184  28.581191      0.360      4.568      0.000      0.000       2110     87.875  0.000e+00
     33.264     3.0178  28.581301      0.359      4.571      0.000      0.000       2111     87.917  0.000e+00
     33.295     3.0178  28.581369      0.360      4.573      0.000      0.000       2112     87.958  0.000e+00
     33.327     3.0175  28.581474      0.363      4.574      0.000      0.000       2113     88.000  0.000e+00
     33.357     3.0171  28.581591      0.366      4.573      0.000      0.000       2114     88.042  0.000e+00
     33.388     3.0171  28.581629      0.369      4.571      0.000      0.000       2115     88.083  0.000e+00
     33.419     3.0170  28.581665      0.372      4.571      0.000      0.000       2116     88.125  0.000e+00
     33.449     3.0170  28.581791      0.374      4.571      0.000      0.000       2117     88.167  0.000e+00
     33.479     3.0167  28.581933      0.374      4.571      0.000      0.000       2118     88.208  0.000e+00
     33.509     3.0171  28.582037      0.371      4.570      0.000      0.000       2119     88.250  0.000e+00
     33.539     3.0169  28.582113      0.370      4.570      0.000      0.000       2120     88.292  0.000e+00
     33.569     3.0170  28.582124      0.368      4.571      0.000      0.000       2121     88.333  0.000e+00
     33.597     3.0169  28.582126      0.366      4.571      0.000      0.000       2122     88.375  0.000e+00
     33.627     3.0169  28.582146      0.364      4.573      0.000      0.000       2123     88.417  0.000e+00
     33.658     3.0167  28.582159      0.360      4.573      0.000      0.000       2124     88.458  0.000e+00
     33.689     3.0167  28.582211      0.358      4.571      0.000      0.000       2125     88.500  0.000e+00
     33.718     3.0167  28.582282      0.355      4.571      0.000      0.000       2126     88.542  0.000e+00
     33.746     3.0167  28.582327      0.353      4.570      0.000      0.000       2127     88.583  0.000e+00
     33.775     3.0167  28.582350      0.350      4.571      0.000      0.000       2128     88.625  0.000e+00
     33.804     3.0166  28.582338      0.348      4.571      0.000      0.000       2129     88.667  0.000e+00
     33.834     3.0165  28.582303      0.344      4.564      0.000      0.000       2130     88.708  0.000e+00
     33.863     3.0167  28.582373      0.343      4.553      0.000      0.000       2131     88.750  0.000e+00
     33.892     3.0169  28.582701      0.341      4.549      0.000      0.000       2132     88.792  0.000e+00
     33.919     3.0170  28.583321      0.339      4.554      0.000      0.000       2133     88.833  0.000e+00
     33.946     3.0175  28.584158      0.339      4.560      0.000      0.000       2134     88.875  0.000e+00
     33.974     3.0179  28.584976      0.341      4.563      0.000      0.000       2135     88.917  0.000e+00
     34.003     3.0186  28.585583      0.343      4.565      0.000      0.000       2136     88.958  0.000e+00
     34.032     3.0189  28.586092      0.344      4.568      0.000      0.000       2137     89.000  0.000e+00
     34.061     3.0192  28.586601      0.347      4.568      0.000      0.000       2138     89.042  0.000e+00
     34.088     3.0197  28.586996      0.348      4.569      0.000      0.000       2139     89.083  0.000e+00
     34.114     3.0192  28.587181      0.348      4.569      0.000      0.000       2140     89.125  0.000e+00
     34.141     3.0197  28.587242      0.347      4.568      0.000      0.000       2141     89.167  0.000e+00
     34.168     3.0199  28.587391      0.347      4.569      0.000      0.000       2142     89.208  0.000e+00
     34.195     3.0200  28.587677      0.346      4.570      0.000      0.000       2143     89.250  0.000e+00
     34.222     3.0201  28.587991      0.346      4.573      0.000      0.000       2144     89.292  0.000e+00
     34.248     3.0202  28.588300      0.346      4.573      0.000      0.000       2145     89.333  0.000e+00
     34.273     3.0205  28.588609      0.347      4.570      0.000      0.000       2146     89.375  0.000e+00
     34.299     3.0207  28.588914      0.347      4.568      0.000      0.000       2147     89.417  0.000e+00
     34.325     3.0208  28.589323      0.348      4.568      0.000      0.000       2148     89.458  0.000e+00
     34.350     3.0208  28.589923      0.349      4.569      0.000      0.000       2149     89.500  0.000e+00
     34.376     3.0212  28.590581      0.349      4.570      0.000      0.000       2150     89.542  0.000e+00
     34.401     3.0215  28.591104      0.349      4.570      0.000      0.000       2151     89.583  0.000e+00
     34.425     3.0216  28.591425      0.348      4.571      0.000      0.000       2152     89.625  0.000e+00
     34.450     3.0216  28.591539      0.347      4.571      0.000      0.000       2153     89.667  0.000e+00
     34.474     3.0215  28.591516      0.347      4.571      0.000      0.000       2154     89.708  0.000e+00
     34.498     3.0210  28.591534      0.346      4.569      0.000      0.000       2155     89.750  0.000e+00
     34.522     3.0211  28.591602      0.344      4.569      0.000      0.000       2156     89.792  0.000e+00
     34.546     3.0211  28.591534      0.343      4.569      0.000      0.000       2157     89.833  0.000e+00
     34.569     3.0205  28.591367      0.342      4.568      0.000      0.000       2158     89.875  0.000e+00
     34.593     3.0200  28.591247      0.339      4.567      0.000      0.000       2159     89.917  0.000e+00
     34.617     3.0196  28.591228      0.338      4.568      0.000      0.000       2160     89.958  0.000e+00
     34.640     3.0192  28.591321      0.337      4.569      0.000      0.000       2161     90.000  0.000e+00
     34.663     3.0192  28.591522      0.336      4.569      0.000      0.000       2162     90.042  0.000e+00
